17680.44
17680.63
17681.06
17681.12
17681.12
17681.48
17681.53
17682.18
17682.68
17682.89
17683.62
17684.43
17685.18
17685.18
17685.45
17685.74
17685.75
17685.81
17686.57
17686.64
17686.72
17687.07
17687.33
17687.38
17688.26
17689.53
17690.15
17690.58
17690.58
17690.97
17691.44
17691.60
17691.70
17691.81
17692.63
17692.63
17693.18
17693.52
17693.86
17700.61
17700.67
17701.02
17701.84
17702.87
17705.59
17705.77
17705.82
17707.11
17707.61
17711.34
17713.60
17714.34
17719.54
17720.42
17723.18
17723.39
17724.17
17724.58
17727.14
17728.06
17729.08
17729.08
17729.32
17729.90
17730.42
17731.37
17734.20
17734.82
17735.84
17736.01
17740.04
17740.96
17742.53
17743.01
17743.55
17743.93
17744.56
17744.85
17747.25
17750.18
17750.58
17751.50
17752.43
17752.52
17754.89
17756.01
17760.21
17761.64
17761.75
17763.56
17768.20
17770.45
17772.73
17774.92
17779.44
17779.91
17784.31
17785.13
17785.26
17786.63
17787.04
17787.37
17787.96
17790.52
17790.58
17794.82
17794.93
17796.05
17796.05
17802.37
17802.92
17806.90
17807.50
17807.93
17810.29
17811.25
17811.62
17814.07
17814.48
17816.33
17821.68
17823.70
17824.11
17827.15
17828.00
17829.64
17835.99
17836.03
17837.83
17841.33
17842.34
17842.96
17843.04
17844.18
17845.00
17845.39
17847.43
17850.04
17850.12
17852.97
17853.06
17854.42
17862.37
17862.48
17862.49
17867.59
17868.92
17878.93
17894.65
17907.05
17915.69
17916.44
17919.96
17923.03
17923.07
17930.16
17933.42
17933.57
17933.88
17934.90
17942.48
17946.57
17947.48
17947.55
17949.89
17950.56
17950.88
17950.93
17951.60
17951.91
17952.93
17953.95
17954.36
17954.50
17955.10
17956.41
17961.04
17961.73
17962.35
17967.10
17968.53
17972.08
17975.22
17978.12
17980.78
17983.16
17983.33
17983.85
17984.08
17990.20
17994.09
17994.50
17995.94
18002.08
18003.05
18005.76
18007.68
18010.50
18012.73
18012.92
18012.97
18013.61
18016.82
18017.64
18017.83
18019.19
18023.21
18023.44
18025.63
18026.24
18026.24
18028.77
18029.61
18029.62
18031.47
18038.92
18038.92
18041.12
18042.22
18042.70
18045.96
18046.00
18048.11
18052.47
18052.87
18054.51
18055.03
18062.50
18063.27
18064.55
18065.13
18065.20
18066.08
18066.33
18068.43
18071.09
18074.37
18075.81
18075.81
18075.94
18076.22
18076.63
18077.22
18082.16
18082.28
18082.28
18085.03
18085.06
18085.12
18085.94
18086.46
18089.36
18089.48
18090.94
18098.54
18098.76
18102.02
18102.02
18102.21
18105.50
18107.21
18108.37
18109.03
18110.62
18115.00
18115.72
18115.91
18117.91
18125.10
18127.26
18128.24
18129.10
18129.50
18131.34
18132.58
18133.39
18135.44
18136.02
18141.53
18145.85
18145.97
18146.15
18146.83
18147.39
18148.00
18148.44
18149.51
18151.67
18151.80
18152.81
18153.94
18154.93
18155.02
18156.29
18161.82
18161.88
18162.75
18163.91
18165.28
18165.47
18171.04
18171.05
18179.03
18179.39
18180.26
18181.33
18185.38
18188.45
18194.59
18196.23
18199.25
18202.99
18208.97
18210.16
18212.02
18212.02
18212.91
18213.41
18214.05
18214.87
18215.89
18216.51
18216.51
18217.94
18218.55
18218.91
18222.38
18226.03
18227.17
18230.64
18231.73
18232.11
18233.91
18239.44
18240.06
18242.99
18246.00
18248.28
18249.66
18254.15
18259.02
18260.54
18267.92
18274.46
18278.12
18279.99
18285.11
18287.77
18289.82
18292.49
18293.51
18293.51
18297.68
18298.83
18300.48
18314.68
18317.79
18321.16
18324.43
18330.80
18333.85
18334.27
18335.35
18343.97
18344.64
18346.96
18350.04
18350.44
18352.90
18353.02
18356.08
18360.07
18360.63
18360.77
18366.01
18368.71
18375.19
18377.68
18381.57
18384.95
18388.13
18388.31
18389.97
18392.22
18392.78
18393.66
18396.52
18400.72
18404.30
18408.65
18412.20
18412.35
18414.75
18419.21
18428.33
18431.75
18443.28
18447.08
18450.59
18455.32
18468.82
18472.09
18478.65
18488.07
18490.91
18495.18
18496.58
18498.32
18500.56
18507.19
18510.66
18520.43
18520.84
18521.28
18531.91
18533.99
18534.89
18542.97
18563.63
18564.26
18567.90
18568.09
18572.33
18578.59
18585.76
18587.19
18589.65
18591.49
18595.08
18597.11
18600.75
18602.32
18603.99
18604.39
18609.46
18617.71
18618.94
18620.57
18620.77
18621.05
18622.43
18622.43
18622.83
18622.96
18625.69
18628.91
18631.28
18631.33
18633.70
18638.76
18640.64
18640.92
18641.46
18648.22
18650.90
18657.24
18661.29
18663.22
18663.79
18670.75
18670.75
18670.99
18675.97
18676.05
18676.11
18679.54
18680.89
18681.22
18682.83
18685.49
18685.91
18690.00
18691.02
18691.64
18692.55
18693.69
18694.71
18695.24
18696.31
18696.51
18696.58
18697.37
18697.37
18697.39
18697.63
18698.81
18698.90
18699.22
18700.93
18702.34
18702.98
18704.03
18705.27
18706.59
18706.93
18708.23
18708.64
18710.89
18711.28
18712.32
18714.78
18718.88
18719.57
18720.52
18722.36
18722.96
18725.23
18726.16
18727.07
18728.55
18728.87
18728.88
18729.09
18732.39
18749.14
18751.26
18754.51
18756.97
18757.53
18759.29
18761.07
18761.46
18765.31
18766.49
18767.05
18771.51
18772.13
18773.97
18779.70
18781.96
18783.18
18783.59
18793.56
18795.07
18798.03
18798.03
18799.77
18800.39
18801.62
18805.07
18810.42
18811.32
18812.47
18813.70
18813.70
18820.37
18827.19
18831.11
18831.72
18832.13
18832.26
18834.04
18834.71
18837.18
18837.66
18841.27
18842.17
18847.18
18849.33
18852.41
18853.23
18857.14
18859.57
18860.80
18864.29
18867.06
18867.97
18870.22
18870.22
18875.19
18880.99
18890.70
18894.08
18904.84
18906.88
18908.32
18909.08
18911.24
18914.26
18917.77
18918.15
18918.76
18922.04
18922.88
18924.09
18925.52
18925.93
18928.80
18937.81
18939.10
18939.86
18950.88
18952.19
18952.96
18960.03
18960.74
18963.08
18965.05
18967.71
18971.26
18981.64
18983.49
18985.14
18995.04
19014.94
19015.55
19018.80
19020.34
19021.57
19021.73
19024.85
19028.12
19028.53
19028.87
19033.24
19034.13
19036.73
19040.00
19041.16
19041.44
19042.67
19042.83
19044.30
19044.71
19047.58
19049.63
19050.00
19050.15
19050.20
19054.34
19054.87
19055.32
19056.08
19058.03
19058.84
19059.21
19060.02
19063.57
19066.21
19066.79
19071.13
19072.36
19073.39
19074.10
19075.75
19077.89
19079.74
19080.96
19086.14
19095.09
19100.21
19101.85
19103.49
19103.70
19110.25
19110.72
19116.39
19119.99
19124.18
19127.96
19131.90
19134.37
19138.92
19143.22
19145.47
19147.52
19147.56
19148.03
19149.16
19151.82
19152.55
19153.87
19160.63
19161.46
19162.06
19163.09
19167.50
19170.26
19170.26
19172.08
19172.09
19173.12
19174.03
19174.97
19175.54
19176.60
19182.75
19189.10
19189.94
19193.87
19194.06
19197.88
19202.20
19202.20
19204.66
19207.32
19207.38
19208.96
19209.37
19209.51
19214.97
19219.20
19220.49
19223.71
19225.96
19231.82
19232.92
19236.82
19241.62
19242.14
19243.78
19248.25
19248.32
19249.31
19249.92
19253.61
19255.25
19255.27
19256.62
19257.71
19257.71
19257.74
19260.06
19260.64
19260.81
19261.60
19261.75
19262.14
19263.86
19263.94
19264.48
19266.10
19266.51
19266.51
19266.98
19268.62
19270.10
19270.14
19270.28
19271.43
19271.84
19271.93
19273.06
19273.87
19274.91
19275.03
19276.04
19276.23
19276.41
19278.19
19278.29
19279.62
19280.10
19281.05
19281.46
19281.53
19282.50
19283.10
19283.22
19284.09
19284.40
19284.74
19284.89
19284.95
19284.96
19285.09
19285.77
19285.79
19285.85
19286.28
19286.58
19286.72
19286.93
19287.40
19287.67
19287.72
19287.87
19288.52
19288.84
19288.86
19288.86
19290.68
19291.09
19292.52
19292.55
19293.70
19294.16
19294.57
19294.98
19296.00
19296.53
19296.87
19296.87
19298.26
19299.89
19300.87
19302.77
19302.81
19303.40
19303.40
19304.90
19305.63
19306.53
19306.99
19307.88
19308.05
19308.50
19310.97
19312.39
19312.39
19312.98
19313.41
19313.61
19314.43
19315.66
19316.48
19316.48
19316.65
19316.65
19316.78
19317.30
19318.53
19318.93
19320.59
19323.65
19325.32
19326.31
19329.23
19329.75
19330.61
19332.05
19332.06
19332.46
19333.69
19334.39
19335.12
19335.73
19335.78
19336.55
19336.83
19337.17
19337.58
19338.94
19340.69
19340.81
19342.49
19342.67
19342.69
19343.42
19343.61
19344.54
19344.65
19346.08
19346.59
19346.99
19349.97
19350.48
19350.67
19351.30
19351.81
19353.55
19353.96
19353.96
19354.62
19355.81
19356.30
19356.64
19356.91
19358.06
19358.92
19360.52
19362.36
19364.00
19364.96
19369.73
19369.73
19370.55
19371.58
19375.06
19375.24
19387.61
19394.05
19394.51
19399.22
19408.25
19408.29
19415.40
19417.64
19425.66
19426.61
19430.54
19434.02
19436.90
19438.54
19442.43
19442.46
19443.32
19443.54
19444.28
19444.69
19445.18
19445.53
19445.78
19447.41
19448.07
19448.18
19449.09
19449.12
19449.60
19450.22
19450.83
19451.25
19451.30
19451.86
19451.89
19452.53
19452.58
19452.74
19452.79
19453.70
19454.11
19454.38
19454.40
19455.06
19455.50
19455.50
19455.87
19456.77
19457.59
19458.00
19458.00
19460.46
19460.46
19460.87
19460.98
19461.15
19463.32
19463.38
19464.76
19464.86
19465.12
19465.35
19465.78
19466.40
19466.46
19469.67
19470.49
19470.96
19471.30
19471.43
19476.25
19479.41
19480.53
19482.17
19483.34
19483.35
19483.35
19485.03
19486.07
19487.69
19490.99
19492.61
19492.61
19493.05
19493.10
19494.26
19497.53
19498.35
19498.46
19498.55
19499.38
19503.98
19504.28
19514.29
19519.06
19524.56
19525.69
19526.40
19526.40
19526.86
19528.14
19532.34
19534.18
19535.15
19538.86
19543.47
19543.61
19546.03
19547.19
19547.42
19550.52
19550.52
19552.82
19558.89
19563.16
19567.39
19568.08
19571.97
19573.04
19578.70
