14427.65
14427.66
14427.76
14428.13
14428.51
14428.52
14428.56
14429.18
14429.20
14429.26
14429.37
14429.76
14429.84
14429.93
14430.02
14430.12
14430.79
14430.79
14430.91
14430.96
14431.28
14431.67
14431.74
14431.81
14431.86
14432.03
14432.43
14432.44
14432.50
14432.84
14432.86
14432.94
14433.10
14433.66
14435.08
14435.09
14435.50
14435.50
14436.11
14436.11
14436.19
14436.33
14436.45
14437.05
14437.05
14437.05
14437.06
14437.42
14437.48
14437.49
14437.96
14437.96
14438.01
14438.06
14438.19
14438.57
14438.57
14438.61
14438.72
14438.80
14439.03
14439.51
14439.62
14439.67
14440.21
14440.21
14440.22
14440.27
14441.41
14441.75
14441.75
14441.88
14442.01
14442.13
14442.20
14442.51
14442.65
14442.80
14443.79
14443.79
14443.84
14443.84
14444.30
14444.62
14444.74
14445.45
14445.74
14446.12
14446.13
14446.48
14446.97
14446.97
14446.97
14447.49
14447.57
14447.99
14448.40
14448.40
14448.40
14448.40
14448.86
14448.92
14448.93
14449.41
14449.50
14449.56
14449.67
14449.82
14450.24
14450.24
14450.81
14450.81
14450.84
14450.88
14451.03
14451.10
14451.24
14451.49
14451.64
14451.68
14451.82
14451.89
14451.97
14452.50
14452.50
14452.50
14452.50
14452.91
14452.93
14453.12
14453.17
14453.18
14453.28
14453.72
14454.34
14454.36
14454.75
14454.89
14455.37
14455.77
14455.77
14456.11
14456.82
14457.11
14457.15
14457.18
14457.62
14457.62
14457.62
14458.03
14458.06
14458.13
14458.64
14458.64
14458.64
14459.03
14459.13
14459.19
14459.23
14459.34
14459.38
14460.08
14460.09
14460.48
14460.67
14460.73
14460.82
14461.09
14461.64
14461.72
14462.12
14462.13
14462.13
14462.13
14462.74
14462.74
14462.75
14462.80
14462.85
14462.91
14463.32
14463.48
14463.56
14463.96
14463.97
14463.97
14464.13
14464.58
14464.58
14464.78
14465.34
14465.71
14465.71
14465.73
14465.83
14466.04
14466.42
14466.75
14466.83
14466.89
14466.93
14466.93
14467.11
14467.22
14467.30
14467.65
14467.72
14468.47
14468.52
14468.64
14468.67
14469.00
14469.05
14469.18
14469.32
14469.70
14470.60
14471.01
14471.28
14471.35
14471.55
14472.16
14472.99
14473.00
14473.09
14473.39
14473.43
14473.49
14473.52
14473.53
14474.00
14474.61
14474.61
14474.61
14474.74
14474.96
14475.00
14475.05
14475.21
14475.31
14475.36
14475.40
14475.84
14476.03
14476.12
14476.26
14476.28
14476.66
14477.04
14477.04
14477.09
14477.15
14477.16
14477.69
14477.79
14478.10
14478.17
14478.51
14478.58
14479.04
14479.23
14479.27
14479.31
14479.73
14479.73
14479.73
14479.74
14479.89
14479.92
14480.07
14480.55
14480.55
14480.58
14480.65
14480.70
14480.77
14481.23
14481.23
14481.29
14481.37
14481.68
14481.68
14482.19
14482.19
14482.19
14482.27
14482.27
14482.46
14482.50
14482.51
14482.56
14482.56
14482.76
14482.88
14482.88
14482.95
14483.03
14483.08
14483.11
14483.42
14483.42
14483.44
14484.04
14484.12
14484.14
14484.23
14484.28
14484.36
14484.43
14484.49
14484.80
14484.82
14484.90
14484.98
14485.03
14485.08
14485.19
14485.36
14485.52
14485.62
14485.64
14485.66
14485.75
14485.91
14485.96
14485.99
14486.10
14486.15
14486.21
14486.26
14486.36
14486.61
14486.63
14486.77
14487.01
14487.23
14487.26
14487.32
14487.47
14487.62
14487.94
14487.94
14488.07
14488.11
14488.26
14488.31
14488.38
14488.42
14488.57
14488.59
14488.81
14488.92
14489.08
14489.13
14489.24
14489.42
14489.47
14489.51
14489.54
14489.55
14489.70
14489.82
14489.85
14490.05
14490.12
14490.20
14490.34
14490.59
14490.59
14490.59
14490.61
14490.62
14490.68
14490.88
14490.93
14491.20
14491.82
14491.87
14491.87
14492.23
14492.23
14492.28
14492.39
14492.47
14492.60
14492.62
14492.65
14492.81
14492.81
14492.82
14493.02
14493.15
14493.21
14493.25
14493.28
14493.45
14493.49
14493.54
14493.56
14493.87
14493.88
14493.95
14494.05
14494.09
14494.09
14494.10
14494.16
14494.29
14494.29
14494.29
14494.30
14494.34
14494.40
14494.41
14494.43
14494.57
14494.68
14495.09
14495.09
14495.09
14495.26
14495.28
14495.54
14495.64
14495.92
14495.92
14496.02
14496.05
14496.07
14496.53
14496.53
14496.58
14496.77
14496.88
14496.98
14497.08
14497.08
14497.16
14497.19
14497.55
14497.55
14497.55
14497.56
14497.66
14497.86
14497.88
14498.08
14498.14
14498.80
14498.80
14499.00
14499.04
14499.17
14499.18
14499.48
14500.21
14500.21
14500.66
14500.67
14500.68
14500.76
14500.77
14500.88
14501.65
14501.65
14501.65
14501.65
14501.84
14501.94
14502.01
14502.13
14502.16
14502.25
14502.25
14502.29
14502.41
14502.48
14502.67
14502.93
14503.17
14503.32
14503.90
14504.31
14504.31
14504.72
14504.72
14504.72
14504.83
14505.03
14505.32
14505.56
14505.74
14506.69
14506.69
14507.27
14507.53
14507.59
14507.67
14508.20
14508.25
14508.81
14508.98
14509.02
14509.03
14509.36
14509.40
14509.43
14509.59
14509.76
14510.03
14510.15
14510.45
14510.95
14511.31
14512.09
14512.09
14512.09
14512.48
14513.73
14513.73
14513.73
14513.73
14514.14
14514.14
14514.31
14514.45
14515.18
14515.92
14516.53
14516.53
14516.60
14516.74
14516.96
14516.98
14517.11
14517.19
14517.72
14517.74
14518.24
14518.24
14518.24
14518.81
14518.86
14518.96
14519.31
14520.08
14520.08
14520.08
14520.69
14520.71
14520.79
14520.85
14520.92
14520.95
14521.25
14521.47
14521.82
14522.33
14522.33
14522.38
14522.47
14522.54
14523.56
14524.38
14524.38
14524.68
14525.11
14525.61
14525.70
14525.74
14525.79
14525.90
14525.95
14526.13
14526.57
14526.57
14526.57
14527.66
14527.66
14528.68
14529.75
14530.56
14531.13
14531.15
14532.16
14532.16
14532.34
14532.49
14532.83
14532.84
14533.55
14534.21
14535.00
14535.25
14535.37
14535.61
14535.67
14536.77
14537.81
14537.99
14538.32
14539.81
14539.81
14540.23
14540.33
14540.40
14541.42
14541.42
14541.42
14541.79
14541.79
14542.05
14543.02
14543.43
14543.43
14543.43
14543.58
14544.45
14545.14
14547.11
14549.57
14550.76
14552.08
14553.46
14553.55
14554.04
14554.69
14554.69
14557.97
14559.40
14561.66
14565.44
14565.47
14565.96
14566.92
14568.13
14570.44
14571.09
14571.66
14572.26
14572.34
14572.39
14574.35
14577.42
14579.78
14580.70
14580.99
14582.34
14582.44
14583.98
14586.44
14586.45
14589.30
14589.82
14591.97
14596.32
14600.98
14601.69
14606.10
14607.33
14608.37
14609.40
14610.81
14612.24
14612.86
14614.70
14615.83
14616.75
14617.48
14620.21
14620.93
14622.60
14624.94
14624.94
14627.91
14632.31
14634.77
14636.41
14637.24
14639.11
14639.89
14641.32
14644.81
14646.24
14646.65
14648.19
14650.40
14650.88
14650.90
14655.08
14655.99
14657.53
14661.59
14664.67
14664.67
14665.22
14665.39
14666.72
14668.10
14669.89
14671.18
14673.25
14673.28
14676.56
14677.15
14677.98
14678.60
14679.32
14683.25
14685.97
14687.04
14688.43
14689.20
14691.27
14695.23
14695.30
14696.62
14701.39
14702.76
14702.80
14708.04
14708.90
14708.90
14710.61
14713.41
14715.05
14716.41
14718.94
14719.63
14719.81
14720.60
14721.20
14721.60
14721.66
14722.30
14722.83
14724.67
14724.82
14725.05
14725.32
14725.91
14728.41
14728.61
14730.21
14730.21
14730.82
14731.00
14731.23
14732.25
14732.25
14732.25
14737.84
14738.40
14740.04
14742.08
14746.18
14747.47
14749.77
14749.78
14750.69
14750.69
14758.47
14761.62
14764.00
14765.64
14766.25
14767.89
14768.71
14771.04
14774.85
14775.02
14775.04
14781.44
14782.23
14789.80
14789.88
14792.47
14793.36
14795.74
14796.15
14796.15
14796.56
14797.17
14798.20
14798.25
14799.63
14799.63
14801.39
14801.45
14801.89
14803.04
14804.04
14805.98
14809.20
14810.42
14810.69
14810.83
14811.13
14813.56
14814.38
14819.04
14820.73
14823.80
14824.21
14829.33
14844.48
14845.69
14847.07
14847.47
14849.81
14852.28
14852.46
14854.72
14856.97
14857.06
14860.87
14861.69
14866.40
14867.62
14870.70
14871.13
14872.74
14873.15
14874.18
14874.30
14875.23
14875.48
14876.06
14876.64
14877.14
14877.28
14878.27
14878.89
14879.00
14879.35
14879.51
14880.12
14880.24
14881.19
14881.35
14881.36
14881.37
14881.50
14882.10
14885.85
14886.14
14888.10
14889.54
14889.71
14890.90
14892.20
14894.25
14894.66
14894.71
14895.89
14897.09
14898.14
14898.94
14899.07
14900.81
14907.20
14909.82
14913.07
14916.57
14917.24
14920.05
14920.38
14921.08
14921.08
14921.49
14921.53
14921.63
14921.71
14921.89
14921.89
14922.23
14922.54
14923.34
14923.38
14923.46
14923.49
14923.59
14923.76
14924.23
14924.24
14924.63
14924.71
14924.97
14924.99
14926.31
14926.36
14927.20
14927.20
14927.20
14927.62
14927.69
14927.88
14928.00
14929.06
14929.16
14929.32
14929.88
14929.88
14929.88
14930.06
14930.27
14930.40
14930.57
14930.59
14930.91
14931.52
14931.52
14931.55
14931.97
14932.07
14932.44
14932.96
14932.96
14933.77
14933.93
14933.94
14933.96
14935.00
14935.62
14935.80
14936.02
14936.05
14937.05
14937.77
14937.96
14938.23
14940.65
14940.69
14942.17
14943.67
14946.27
14946.33
14946.68
14948.92
14951.21
14951.22
14951.59
14953.36
14953.36
14954.87
14955.79
14955.92
14956.09
14956.23
14956.71
14956.98
14957.33
14958.35
14958.44
14958.50
14959.07
14959.43
14959.46
14959.47
14959.99
14960.18
14960.36
14960.51
14960.55
14961.03
14961.08
14961.22
14961.60
14961.89
14962.06
14963.15
14963.19
14963.47
14964.49
14964.49
14965.31
14965.83
14966.04
14966.25
14966.31
14966.38
14966.42
14966.93
14967.57
14967.57
14967.58
14968.39
14968.39
14968.48
14968.79
14969.37
14969.41
14969.46
14970.23
14970.26
14970.64
14970.64
14970.71
14971.13
14971.46
