23455.69
23456.10
23458.35
23459.79
23460.19
23461.09
23462.04
23462.45
23464.50
23464.50
23465.93
23466.34
23466.40
23470.03
23470.09
23471.67
23472.88
23474.12
23474.74
23475.55
23476.37
23478.22
23479.45
23479.86
23480.88
23481.17
23484.88
23485.04
23486.61
23486.74
23489.12
23489.15
23489.69
23490.10
23490.27
23491.74
23495.20
23496.34
23497.04
23497.13
23497.66
23498.08
23498.70
23498.70
23499.62
23500.34
23500.75
23501.77
23501.77
23501.93
23502.19
23502.43
23502.58
23503.17
23503.61
23504.02
23504.64
23504.64
23504.78
23504.91
23505.25
23505.44
23506.87
23507.20
23507.40
23508.12
23508.12
23508.70
23509.76
23509.88
23509.92
23510.50
23511.81
23512.21
23512.83
23512.83
23512.91
23513.31
23514.94
23515.06
23515.77
23516.58
23517.11
23517.22
23517.23
23518.26
23518.77
23518.77
23518.82
23520.41
23520.60
23520.70
23520.94
23522.25
23522.25
23522.38
23522.86
23523.31
23524.30
23524.40
23524.87
23524.87
23524.87
23524.89
23525.15
23525.15
23525.73
23526.97
23527.78
23528.16
23529.34
23529.46
23530.11
23530.85
23531.08
23531.87
23531.88
23533.31
23533.31
23533.69
23534.73
23535.56
23536.79
23541.21
23550.10
23551.29
23551.90
23553.58
23554.20
23554.22
23563.67
23564.96
23567.23
23569.76
23569.76
23570.27
23572.32
23572.83
23573.86
23574.28
23575.02
23578.77
23578.85
23579.26
23579.36
23579.62
23580.41
23581.64
23582.01
23582.11
23582.13
23582.87
23584.95
23588.40
23588.44
23588.48
23588.53
23591.50
23592.09
23594.24
23595.32
23596.80
23597.52
23597.71
23600.07
23600.09
23600.87
23603.76
23603.76
23606.63
23607.68
23607.86
23610.12
23611.17
23612.16
23612.24
23614.21
23615.84
23617.20
23617.80
23618.52
23619.11
23619.32
23622.19
23623.24
23623.63
23623.63
23624.24
23624.71
23625.67
23628.13
23629.93
23631.61
23632.33
23633.46
23633.60
23634.07
23636.87
23640.62
23642.67
23646.56
23648.00
23653.09
23655.78
23660.14
23661.65
23666.92
23668.15
23670.11
23670.23
23672.16
23672.85
23672.98
23674.21
23675.52
23676.76
23676.99
23677.49
23680.69
23682.38
23684.87
23688.86
23689.37
23689.53
23689.99
23690.31
23691.70
23691.70
23692.06
23694.49
23694.49
23694.90
23696.33
23697.56
23700.22
23703.50
23708.62
23710.66
23717.23
23718.98
23719.28
23719.68
23719.74
23722.92
23723.77
23730.53
23731.85
23732.91
23733.40
23733.81
23734.22
23735.86
23736.26
23736.84
23737.18
23739.21
23739.75
23740.26
23740.26
23740.91
23740.98
23741.21
23742.00
23743.43
23744.24
23746.20
23747.20
23748.55
23748.68
23750.95
23754.29
23759.08
23762.28
23762.30
23762.87
23766.37
23771.70
23773.61
23773.70
23773.77
23777.08
23777.63
23779.48
23783.78
23783.78
23784.35
23784.46
23785.16
23787.13
23788.49
23788.93
23790.32
23791.56
23794.02
23794.43
23795.49
23803.64
23805.28
23808.76
23812.45
23816.14
23828.22
23828.22
23841.89
23842.07
23847.15
23849.29
23852.59
23858.22
23860.74
23863.05
23864.86
23865.70
23869.11
23878.50
23881.17
23881.88
23881.88
23882.18
23882.70
23883.93
23884.74
23886.00
23887.41
23887.41
23887.82
23887.96
23889.43
23889.61
23890.48
23890.62
23891.01
23893.27
23898.47
23901.40
23903.79
23903.79
23904.61
23910.75
23917.79
23919.18
23922.84
23923.41
23923.68
23926.86
23931.64
23932.46
23932.46
23932.73
23934.72
23935.86
23938.81
23939.15
23944.55
23945.38
23945.88
23950.68
23952.12
23952.53
23954.97
23958.27
23960.73
23962.26
23966.23
23966.23
23967.28
23967.34
23968.70
23970.56
23972.92
23974.36
23974.86
23976.29
23976.69
23977.11
23978.88
23986.53
23986.65
23987.15
23987.76
23987.80
23988.99
23989.81
23991.24
23996.31
23997.38
23999.64
24002.30
24004.14
24004.34
24004.68
24005.37
24005.45
24005.99
24006.69
24006.99
24007.83
24008.24
24009.42
24009.55
24010.02
24010.31
24010.89
24011.02
24011.52
24011.52
24011.62
24013.06
24013.56
24016.64
24016.64
24018.60
24018.81
24018.85
24019.14
24019.32
24019.91
24022.27
24025.44
24025.47
24027.90
24027.90
24028.07
24028.28
24028.32
24029.33
24029.33
24031.59
24032.81
24034.48
24037.02
24038.43
24038.96
24040.80
24041.21
24042.39
24042.39
24043.85
24044.07
24044.25
24046.74
24060.51
24061.49
24061.49
24063.02
24063.33
24068.67
24070.37
24070.98
24071.52
24071.93
24074.16
24074.87
24075.04
24075.23
24077.87
24078.58
24081.76
24082.68
24083.20
24085.86
24087.70
24089.34
24090.16
24090.57
24096.20
24098.97
24099.58
24099.58
24099.58
24099.58
24102.24
24103.27
24105.52
24107.16
24107.47
24107.57
24107.71
24107.81
24107.85
24108.18
24110.02
24110.11
24112.49
24112.66
24113.92
24115.68
24115.96
24116.00
24116.68
24116.86
24118.53
24119.24
24119.24
24119.32
24119.86
24119.90
24120.74
24121.09
24121.10
24121.28
24121.30
24121.40
24121.49
24121.54
24122.11
24122.15
24122.68
24122.81
24123.75
24124.16
24124.16
24124.16
24124.22
24124.65
24124.69
24124.78
24124.86
24124.95
24125.59
24125.59
24125.72
24125.88
24126.06
24126.63
24126.68
24126.68
24127.23
24127.35
24127.38
24127.41
24127.52
24127.69
24127.82
24127.93
24128.12
24128.32
24128.35
24128.53
24128.58
24128.80
24128.80
24128.90
24129.01
24129.23
24129.29
24129.31
24129.47
24129.50
24129.61
24130.04
24130.24
24130.29
24131.32
24131.32
24131.73
24131.73
24131.73
24131.86
24132.57
24132.62
24132.67
24133.17
24133.17
24133.31
24133.35
24133.51
24134.19
24134.60
24134.76
24134.83
24134.93
24135.00
24135.15
24135.25
24135.33
24135.49
24135.64
24136.03
24136.03
24136.03
24136.13
24136.21
24137.06
24137.23
24137.34
24137.88
24137.90
24138.05
24138.36
24138.37
24138.40
24138.45
24138.64
24138.74
24138.94
24139.15
24139.26
24139.32
24139.72
24140.13
24140.13
24140.50
24140.94
24140.99
24141.56
24141.61
24141.73
24142.18
24142.18
24142.18
24142.18
24142.26
24142.26
24142.26
24142.38
24142.68
24142.71
24143.20
24143.34
24143.52
24144.02
24144.02
24144.03
24144.27
24144.84
24144.86
24145.17
24145.66
24145.91
24146.31
24146.39
24146.89
24147.00
24147.50
24147.59
24147.62
24147.69
24147.88
24147.90
24148.43
24148.63
24148.86
24148.91
24148.92
24149.35
24149.51
24149.96
24150.87
24151.08
24151.09
24151.79
24151.96
24152.62
24152.62
24153.03
24153.03
24153.47
24153.66
24153.81
24154.67
24154.67
24155.29
24155.64
24155.76
24155.84
24155.96
24156.51
24156.82
24157.13
24157.13
24157.19
24157.26
24157.38
24157.40
24157.74
24157.98
24158.24
24158.30
24158.34
24158.53
24159.18
24159.26
24159.81
24160.20
24160.82
24160.82
24160.88
24160.92
24161.43
24161.43
24161.84
24162.35
24162.66
24163.18
24163.36
24163.40
24163.42
24163.55
24164.09
24164.09
24164.09
24164.50
24164.61
24164.76
24165.40
24165.47
24165.47
24166.07
24166.76
24166.76
24166.76
24166.76
24167.78
24168.12
24168.27
24168.30
24168.31
24168.34
24168.46
24169.18
24169.50
24170.46
24170.48
24170.60
24170.61
24171.26
24171.26
24171.35
24171.44
24171.47
24171.72
24172.28
24172.33
24172.43
24172.90
24172.90
24174.13
24174.13
24174.95
24175.52
24176.17
24176.58
24176.58
24177.17
24177.17
24177.70
24177.72
24178.63
24178.72
24178.93
24179.43
24179.73
24180.27
24180.68
24180.74
24181.44
24182.73
24182.73
24183.18
24183.72
24184.16
24184.57
24184.57
24185.19
24185.19
24185.39
24185.56
24185.65
24186.82
24186.82
24187.53
24188.25
24188.87
24188.87
24189.42
24189.44
24189.49
24190.72
24191.04
24191.06
24191.46
24192.56
24194.20
24194.61
24194.65
24194.66
24195.32
24195.71
24196.04
24196.86
24198.37
24198.70
24198.72
24199.11
24200.14
24201.16
24201.16
24203.21
24203.21
24203.21
24203.45
24203.61
24204.23
24204.23
24204.23
24204.85
24205.23
24205.40
24205.44
24205.53
24207.43
24207.92
24208.39
24209.43
24209.52
24210.17
24210.35
24211.80
24212.43
24214.27
24215.29
24215.29
24215.29
24215.29
24215.38
24215.68
24216.32
24217.55
24218.16
24218.16
24219.21
24219.37
24222.05
24223.48
24224.42
24224.42
24224.50
24224.94
24225.50
24225.56
24226.24
24226.42
24227.17
24227.78
24228.45
24228.52
24230.04
24231.47
24231.47
24232.00
24232.29
24234.46
24234.64
24234.80
24235.77
24238.02
24238.02
24239.66
24240.43
24240.47
24241.51
24241.56
24242.12
24246.22
24248.49
24248.59
24249.61
24252.16
24252.17
24252.83
24254.82
24255.64
24255.74
24257.07
24259.32
24259.76
24260.35
24262.29
24263.61
24263.70
24264.34
24264.45
24264.46
24265.06
24267.77
24267.86
24268.23
24268.50
24268.56
24269.97
24271.19
24271.60
24273.86
24274.89
24275.30
24275.30
24275.83
24278.17
24281.61
24282.06
24283.08
24283.47
24284.10
24284.10
24284.20
24284.72
24285.71
24286.12
24286.77
24286.79
24287.09
24288.00
24288.81
24289.37
24289.84
24290.45
24291.00
24293.52
24294.55
24295.78
24297.22
24298.24
24298.44
24299.42
24300.08
24300.17
24301.39
24301.73
24302.98
24304.58
24305.70
24305.87
24306.33
24306.46
24307.31
24308.27
24309.29
24310.52
24310.96
24311.06
24311.51
24311.69
24312.57
24314.82
24315.61
24315.69
24315.82
24316.36
24316.50
24317.44
24317.90
24318.31
24321.51
24323.81
24327.11
24327.22
24327.25
24327.28
24327.66
24327.76
24328.23
24328.25
24329.37
24330.18
24331.65
24331.70
24332.85
24332.85
24332.88
24333.88
24335.62
24335.92
24336.94
24339.62
24339.78
24340.83
24340.92
24342.03
24342.23
24343.42
24343.70
24343.91
24344.10
24345.14
24346.26
24346.26
24347.45
24347.51
24348.21
24348.35
24349.42
24349.42
24350.66
24352.10
24353.57
24353.72
24353.92
24353.95
24354.07
