15976.62
15977.18
15977.22
15979.89
15982.97
15985.18
15985.93
15989.18
15992.02
15993.08
15993.26
15993.82
15993.82
15994.23
15994.84
15997.02
15997.08
15997.51
15997.91
15998.17
15998.35
15999.55
15999.58
16004.47
16005.69
16006.05
16006.08
16006.10
16007.19
16013.69
16016.76
16017.54
16017.66
16021.77
16022.99
16023.05
16030.44
16030.58
16030.99
16031.29
16033.46
16038.10
16038.67
16038.86
16040.10
16040.11
16042.97
16043.12
16044.51
16045.46
16048.09
16049.33
16056.08
16057.21
16058.24
16058.95
16060.21
16060.71
16061.81
16064.47
16064.47
16066.73
16068.06
16069.21
16069.90
16070.62
16073.69
16073.71
16074.30
16075.72
16076.56
16076.97
16080.65
16085.77
16086.18
16088.43
16092.53
16094.38
16095.50
16096.21
16096.63
16104.82
16106.46
16108.09
16109.29
16113.23
16114.65
16117.23
16117.34
16117.72
16120.79
16121.08
16121.82
16122.96
16124.48
16125.17
16125.88
16126.37
16128.23
16130.01
16130.39
16130.45
16133.80
16133.89
16135.14
16135.26
16135.41
16135.65
16135.79
16136.47
16138.20
16141.20
16142.29
16142.71
16143.52
16143.59
16147.93
16148.23
16149.67
16151.18
16151.35
16152.93
16155.00
16155.97
16156.03
16156.17
16156.21
16156.22
16157.19
16159.23
16161.31
16163.32
16165.74
16172.19
16173.46
16176.70
16179.57
16180.14
16180.45
16180.55
16180.99
16182.85
16186.33
16199.64
16199.69
16200.46
16200.62
16201.48
16202.71
16207.40
16207.43
16208.04
16209.30
16212.34
16215.07
16218.07
16219.23
16221.55
16224.02
16224.02
16224.19
16224.62
16224.79
16226.26
16226.31
16230.15
16230.57
16231.22
16231.25
16232.82
16233.29
16234.66
16237.94
16238.18
16239.73
16240.11
16240.23
16241.52
16241.88
16244.16
16244.74
16245.82
16246.15
16246.19
16247.52
16249.20
16249.66
16250.63
16252.99
16254.52
16256.78
16257.19
16257.22
16257.42
16257.74
16258.02
16259.24
16260.08
16263.73
16264.56
16265.38
16265.38
16265.44
16265.89
16266.90
16269.07
16269.08
16269.48
16269.73
16270.15
16271.17
16271.32
16271.74
16272.75
16273.57
16273.98
16274.45
16276.03
16277.17
16278.08
16278.49
16279.55
16279.56
16281.15
16282.38
16282.38
16282.55
16282.61
16283.47
16283.81
16283.86
16285.04
16286.69
16287.09
16290.36
16293.85
16294.01
16294.11
16294.67
16295.08
16296.92
16297.84
16297.99
16298.33
16298.97
16302.07
16302.34
16304.70
16305.41
16306.75
16306.75
16306.75
16307.05
16307.65
16307.82
16308.12
16309.00
16309.14
16309.43
16309.92
16312.69
16313.49
16313.56
16314.12
16316.99
16317.65
16317.84
16318.22
16319.86
16322.72
16323.13
16327.02
16327.21
16327.84
16331.21
16336.17
16340.99
16341.02
16343.20
16343.92
16343.98
16346.68
16347.09
16348.27
16350.99
16352.62
16353.55
16356.72
16357.32
16360.14
16363.40
16375.67
16376.38
16378.23
16381.36
16381.81
16386.83
16388.67
16390.92
16394.81
16395.16
16395.54
16395.94
16396.86
16396.86
16398.91
16399.26
16402.19
16403.82
16407.82
16410.38
16412.22
16414.06
16418.36
16424.31
16425.12
16425.74
16431.29
16431.37
16433.20
16438.03
16440.89
16445.81
16447.04
16447.22
16450.35
16450.42
16453.16
16453.46
16454.20
16457.89
16460.96
16463.63
16464.24
16470.38
16470.79
16472.43
16473.04
16487.38
16491.97
16494.16
16495.57
16500.49
16501.06
16502.33
16502.33
16503.30
16507.86
16511.14
16511.75
16513.90
16514.83
16515.13
16515.33
16516.26
16516.83
16517.22
16519.54
16522.61
16524.55
16524.56
16525.44
16526.70
16527.50
16527.93
16528.22
16528.96
16528.96
16529.78
16535.38
16536.33
16536.74
16537.43
16537.95
16538.29
16538.79
16538.89
16539.49
16542.27
16547.03
16547.39
16548.10
16548.24
16548.62
16552.51
16553.24
16553.55
16554.35
16556.40
16556.81
16558.01
16559.17
16559.68
16559.83
16561.39
16570.33
16570.43
16572.78
16573.05
16573.14
16574.86
16575.85
16576.47
16576.97
16582.25
16583.84
16589.05
16597.56
16601.37
16602.27
16604.94
16605.28
16605.66
16607.13
16607.76
16610.67
16614.97
16615.23
16617.02
16617.03
16619.79
16620.50
16621.03
16621.84
16623.12
16623.52
16623.53
16624.60
16627.47
16629.22
16631.77
16631.77
16632.59
16632.64
16636.27
16647.33
16653.68
16654.29
16662.28
16664.06
16664.21
16668.02
16668.42
16670.84
16672.99
16674.93
16678.46
16683.36
16684.60
16686.86
16687.16
16688.34
16688.98
16690.58
16696.28
16696.42
16696.89
16696.96
16697.14
16697.36
16698.32
16699.34
16701.04
16703.45
16704.47
16704.97
16704.98
16705.37
16706.51
16707.08
16709.59
16710.66
16711.23
16712.05
16712.53
16712.97
16714.09
16714.26
16715.53
16716.04
16716.20
16716.48
16717.49
16720.65
16721.77
16722.38
16726.26
16727.39
16728.35
16730.32
16733.14
16733.14
16734.78
16734.78
16734.98
16736.83
16739.23
16739.23
16746.25
16747.27
16747.38
16747.86
16749.92
16752.39
16752.39
16754.09
16756.66
16757.62
16757.62
16757.92
16765.70
16770.73
16772.26
16775.13
16778.40
16779.17
16781.61
16783.53
16784.52
16784.96
16784.99
16785.73
16787.21
16791.52
16792.28
16792.38
16794.68
16796.01
16798.65
16799.09
16799.12
16800.67
16802.16
16808.77
16811.37
16811.99
16814.89
16815.05
16815.09
16820.39
16823.87
16825.30
16825.51
16827.35
16830.84
16831.00
16831.17
16831.85
16831.98
16832.36
16835.54
16836.54
16837.54
16838.76
16839.23
16844.69
16845.30
16846.80
16847.67
16847.81
16848.34
16849.06
16849.18
16849.67
16850.27
16851.11
16852.13
16854.18
16855.00
16855.41
16856.23
16856.42
16856.84
16857.45
16857.45
16857.53
16858.27
16858.89
16859.26
16859.89
16860.49
16861.35
16862.98
16863.01
16863.39
16863.40
16863.67
16864.21
16864.21
16865.70
16866.88
16866.94
16867.48
16868.22
16868.33
16868.92
16868.96
16869.69
16870.38
16875.27
16878.55
16880.60
16882.44
16883.72
16890.63
16891.45
16893.38
16896.60
16897.80
16905.17
16908.24
16909.00
16909.47
16910.70
16912.14
16913.77
16918.07
16924.22
16924.70
16925.45
16926.45
16928.76
16933.23
16943.86
16949.31
16950.64
16957.81
16961.70
16968.58
16969.16
16973.45
16974.60
16979.10
16983.35
16983.82
17004.30
17004.43
17012.73
17014.54
17017.46
17018.70
17026.62
17028.67
17028.91
17029.49
17049.80
17051.60
17055.70
17061.23
17064.51
17066.16
17066.76
17066.76
17075.57
17076.18
17078.01
17079.19
17080.18
17080.20
17085.81
17096.66
17100.96
17101.20
17101.78
17103.01
17104.95
17105.04
17105.25
17105.98
17105.98
17106.05
17106.25
17106.35
17106.69
17107.12
17107.72
17110.30
17110.42
17110.95
17111.65
17112.63
17112.63
17113.15
17114.07
17115.71
17116.12
17116.73
17117.96
17119.80
17120.42
17121.65
17121.85
17122.26
17123.28
17123.43
17124.97
17125.95
17126.77
17127.77
17128.22
17128.70
17130.70
17132.30
17132.91
17133.73
17136.71
17137.54
17138.21
17138.64
17138.64
17138.86
17138.88
17139.26
17139.26
17139.38
17139.87
17139.87
17139.96
17140.15
17140.19
17140.43
17140.49
17140.50
17140.73
17140.81
17141.06
17141.19
17141.21
17141.28
17141.38
17141.92
17142.26
17142.34
17142.57
17142.90
17143.17
17143.97
17144.07
17144.11
17144.13
17144.20
17144.24
17144.94
17144.94
17145.10
17145.10
17145.18
17145.32
17145.45
17145.47
17145.49
17145.67
17145.70
17146.22
17146.22
17146.25
17146.60
17146.75
17146.96
17147.05
17147.45
17150.32
17151.68
17151.74
17152.01
17152.22
17152.23
17152.27
17152.32
17152.34
17152.37
17152.42
17152.53
17152.67
17152.71
17152.81
17152.87
17152.91
17152.94
17153.02
17153.24
17153.26
17153.80
17154.21
17154.22
17154.35
17154.45
17154.62
17154.72
17154.76
17154.78
17154.85
17155.17
17155.18
17155.58
17155.75
17155.84
17155.91
17155.92
17155.94
17156.02
17156.04
17156.06
17156.24
17156.26
17156.36
17156.49
17157.25
17157.26
17157.31
17157.32
17157.39
17157.72
17157.75
17157.82
17157.90
17158.00
17158.03
17158.09
17158.15
17158.19
17158.23
17158.26
17158.30
17158.31
17158.33
17158.64
17158.64
17158.70
17158.93
17158.96
17159.11
17159.31
17159.62
17159.65
17159.96
17160.11
17160.24
17160.56
17160.69
17160.78
17160.87
17161.00
17161.05
17161.10
17161.10
17161.10
17161.14
17161.17
17161.58
17161.99
17162.04
17162.12
17162.21
17162.35
17162.42
17162.45
17162.55
17162.81
17162.81
17162.82
17162.88
17162.92
17162.99
17163.00
17163.11
17163.63
17163.76
17163.77
17163.89
17163.95
17163.99
17164.45
17164.45
17164.62
17164.81
17164.90
17164.92
17164.98
17165.02
17165.15
17165.18
17165.19
17165.22
17165.28
17165.88
17166.03
17166.18
17166.33
17166.70
17166.90
17166.92
17166.96
17167.14
17167.17
17167.17
17167.73
17167.76
17167.84
17167.99
17168.00
17168.05
17168.13
17168.27
17168.35
17168.70
17168.76
17168.84
17168.98
17169.36
17169.36
17169.50
17169.91
17170.38
17170.43
17170.50
17171.14
17171.29
17171.29
17171.52
17172.03
17172.44
17173.09
17173.15
17173.44
17173.54
17173.64
17173.68
17174.01
17174.12
17174.69
17174.69
17174.70
17175.00
17175.12
17175.26
17175.29
17175.29
17175.57
17175.57
17175.63
17176.12
17176.16
17176.35
17176.61
17176.72
17176.82
17176.84
17176.95
17177.03
17177.18
17177.29
17177.38
17177.76
17177.85
17178.37
17178.38
17178.45
17178.60
17178.63
17178.80
17178.81
17178.91
17179.12
17179.25
17179.36
17179.64
17179.65
17179.92
17180.35
17180.78
17180.91
17181.15
17181.34
17181.58
17181.58
17181.76
17181.79
17181.98
17182.07
17182.47
17182.47
17182.74
17182.75
17183.50
17183.50
17183.50
17183.50
17183.58
17183.67
17183.94
17184.01
17184.79
17184.89
17184.92
17185.06
17185.75
17186.36
17186.36
17186.46
