9500.94
9500.95
9501.55
9502.50
9502.91
9504.32
9507.08
9508.09
9508.31
9508.59
9510.28
9510.28
9511.31
9511.42
9512.33
9514.99
9515.03
9515.04
9515.17
9515.46
9516.61
9516.87
9516.95
9519.94
9520.93
9521.64
9522.37
9524.62
9524.62
9524.78
9526.49
9527.01
9527.25
9527.59
9529.27
9531.03
9531.69
9531.70
9532.12
9532.76
9532.90
9533.34
9533.46
9533.47
9533.60
9533.76
9534.59
9535.00
9535.63
9536.01
9536.91
9537.30
9537.43
9537.93
9541.17
9542.44
9542.44
9547.66
9547.69
9550.01
9550.21
9551.75
9554.11
9555.00
9555.65
9555.67
9556.16
9556.77
9557.46
9558.61
9558.61
9560.46
9560.88
9562.10
9562.44
9562.46
9562.92
9562.93
9563.40
9563.94
9563.94
9564.76
9564.89
9565.03
9565.16
9566.40
9566.40
9567.01
9567.01
9567.01
9567.07
9567.14
9568.24
9568.75
9570.29
9570.29
9570.70
9570.70
9570.83
9571.25
9571.46
9571.55
9572.13
9573.31
9573.52
9573.97
9573.97
9575.27
9580.32
9580.51
9580.51
9583.68
9584.47
9585.00
9585.35
9586.30
9586.32
9587.08
9587.60
9587.65
9588.52
9590.15
9592.82
9592.99
9594.05
9594.07
9595.11
9595.89
9597.35
9597.63
9597.64
9598.76
9605.52
9606.54
9612.68
9615.65
9624.73
9627.12
9629.68
9630.09
9630.29
9631.01
9631.18
9632.34
9634.19
9634.32
9634.75
9635.52
9636.44
9636.55
9636.68
9636.70
9637.49
9638.28
9641.23
9641.66
9642.61
9642.65
9644.43
9647.01
9647.57
9648.87
9650.54
9652.21
9654.68
9655.89
9659.03
9661.43
9663.39
9664.09
9664.50
9666.34
9666.99
9667.22
9667.60
9669.00
9669.26
9672.69
9672.89
9674.91
9676.17
9678.01
9678.21
9684.16
9684.96
9685.04
9689.00
9690.55
9691.24
9693.00
9695.06
9695.19
9696.45
9697.13
9698.17
9698.17
9698.53
9700.42
9702.85
9703.61
9704.02
9704.10
9704.64
9707.09
9708.94
9709.55
9713.20
9713.26
9713.85
9713.85
9714.74
9718.74
9719.69
9719.71
9720.20
9721.84
9723.08
9724.09
9724.71
9726.14
9726.15
9726.38
9727.98
9727.98
9728.50
9728.85
9729.34
9731.46
9732.28
9732.28
9732.46
9732.49
9732.93
9732.95
9732.95
9734.75
9734.96
9735.97
9736.25
9736.99
9737.78
9739.33
9739.86
9739.86
9739.89
9739.91
9740.48
9740.98
9748.26
9751.83
9752.91
9754.10
9755.27
9756.25
9758.80
9760.14
9760.14
9761.98
9762.37
9762.57
9762.65
9762.73
9763.52
9764.94
9765.01
9765.63
9766.60
9766.63
9768.12
9770.17
9770.34
9770.93
9771.48
9771.59
9772.06
9772.17
9772.99
9773.92
9774.53
9775.00
9777.08
9778.57
9780.41
9781.27
9783.25
9783.59
9786.38
9786.81
9786.92
9787.24
9788.60
9788.60
9789.53
9790.07
9790.15
9790.58
9792.22
9793.05
9793.24
9793.43
9793.59
9793.72
9794.13
9794.13
9794.29
9795.38
9796.39
9796.46
9796.58
9796.84
9797.82
9797.85
9797.95
9797.97
9798.43
9798.43
9799.22
9799.32
9799.37
9799.70
9800.07
9800.16
9800.84
9800.98
9801.01
9801.50
9801.80
9801.80
9802.53
9802.53
9802.81
9802.89
9803.06
9803.73
9804.37
9804.38
9805.60
9805.73
9806.22
9807.45
9808.06
9808.47
9808.72
9809.29
9809.42
9810.72
9810.85
9811.20
9811.35
9811.64
9811.95
9811.96
9812.62
9813.07
9813.52
9813.65
9815.23
9816.05
9816.76
9817.54
9818.10
9819.32
9819.42
9821.37
9821.37
9822.19
9823.83
9823.99
9824.44
9825.67
9826.91
9826.94
9827.62
9827.62
9828.34
9828.34
9828.75
9831.19
9834.06
9834.21
9834.47
9835.76
9836.73
9836.76
9840.14
9841.74
9843.37
9843.46
9844.31
9846.49
9847.24
9847.29
9848.41
9849.22
9849.70
9850.45
9851.41
9851.41
9856.80
9856.92
9857.38
9857.51
9860.90
9861.22
9862.74
9863.67
9865.00
9865.00
9866.02
9869.91
9870.23
9870.73
9871.75
9872.37
9872.46
9872.52
9873.29
9873.80
9874.21
9874.74
9875.28
9875.54
9877.90
9878.63
9879.39
9882.01
9882.72
9882.98
9883.43
9885.27
9887.67
9890.80
9890.80
9891.40
9892.03
9892.85
9893.46
9893.54
9894.15
9894.32
9894.69
9894.69
9895.71
9895.71
9896.94
9897.97
9899.53
9899.81
9900.37
9902.47
9902.47
9902.52
9902.62
9902.88
9903.50
9904.46
9906.02
9906.36
9906.77
9906.93
9907.59
9908.12
9910.67
9910.82
9911.48
9912.92
9913.74
9914.75
9914.78
9916.10
9916.60
9917.42
9917.83
9919.94
9920.84
9923.16
9924.39
9925.21
9925.74
9925.79
9925.83
9926.64
9926.67
9927.87
9928.18
9928.74
9928.74
9929.99
9930.73
9933.19
9933.32
9934.63
9935.04
9935.44
9935.44
9935.85
9936.29
9936.88
9938.08
9938.15
9938.16
9938.72
9939.59
9939.70
9939.86
9939.97
9940.71
9940.92
9941.04
9941.18
9942.30
9943.23
9943.74
9943.74
9943.79
9944.66
9946.05
9947.32
9947.40
9947.62
9948.57
9948.85
9949.39
9950.35
9950.43
9951.99
9952.03
9952.65
9953.06
9954.27
9954.33
9954.70
9954.77
9955.68
9956.37
9958.18
9959.14
9960.23
9961.22
9963.00
9963.30
9963.71
9963.91
9964.99
9965.10
9965.96
9966.37
9966.44
9966.94
9967.14
9968.01
9968.04
9968.17
9968.24
9968.83
9968.83
9968.90
9968.99
9969.03
9970.00
9970.47
9970.47
9972.10
9973.92
9974.03
9975.79
9976.20
9976.27
9977.43
9978.66
9978.66
9978.93
9979.48
9981.12
9981.19
9983.57
9983.63
9983.98
9984.60
9985.57
9986.65
9986.65
9987.87
9988.58
9989.35
9993.61
9994.64
9995.20
9995.27
9997.91
9997.91
10000.37
10001.60
10001.65
10002.37
10002.37
10002.71
10003.44
10004.67
10006.32
10007.00
10007.13
10008.57
10008.97
10011.52
10011.84
10012.01
10012.51
10013.27
10016.28
10016.40
10017.67
10018.39
10018.94
10019.03
10019.41
10019.98
10020.48
10021.05
10021.67
10023.30
10023.87
10024.94
10025.56
10025.69
10026.79
10026.99
10027.43
10027.98
10029.98
10029.98
10029.98
10030.28
10030.68
10030.76
10031.91
10032.93
10033.65
10034.16
10035.92
10036.04
10037.41
10038.26
10039.10
10041.23
10041.81
10041.84
10042.01
10042.55
10042.65
10042.96
10046.86
10047.19
10047.31
10048.49
10048.79
10052.59
10054.23
10054.64
10057.52
10058.12
10058.53
10059.47
10060.76
10063.44
10063.85
10063.85
10064.26
10065.31
10068.77
10068.78
10069.18
10070.34
10072.58
10073.89
10078.45
10080.44
10081.41
10083.52
10084.04
10084.95
10087.61
10088.86
10089.06
10090.00
10090.48
10090.73
10092.94
10093.09
10093.55
10094.57
10096.01
10096.62
10097.24
10097.90
10098.00
10099.40
10100.31
10100.99
10101.12
10101.15
10101.35
10101.41
10101.74
10103.59
10105.84
10106.25
10106.72
10107.07
10109.52
10109.93
10110.35
10111.42
10113.65
10113.65
10113.70
10115.02
10116.08
10116.49
10116.90
10118.73
10120.40
10121.44
10124.06
10125.43
10125.64
10126.63
10126.82
10129.59
10129.59
10130.41
10131.55
10132.73
10133.16
10133.22
10134.10
10134.16
10134.84
10136.35
10136.50
10136.98
10137.38
10137.99
10138.61
10140.04
10142.09
10142.70
10143.62
10148.85
10150.48
10150.76
10153.97
10154.40
10154.78
10156.63
10160.93
10163.89
10165.23
10172.99
10175.06
10176.90
10185.50
10188.58
10188.74
10189.81
10190.22
10190.86
10190.86
10191.06
10191.16
10192.06
10193.24
10194.17
10195.17
10198.82
10198.92
10201.23
10201.66
10202.91
10206.40
10206.80
10209.01
10209.20
10210.20
10210.71
10211.10
10212.49
10212.95
10213.97
10215.09
10217.23
10217.57
10218.89
10219.40
10223.19
10225.53
10229.54
10229.92
10237.48
10241.17
10242.40
10246.13
10246.13
10250.22
10250.84
10252.06
10253.39
10253.49
10254.11
10257.37
10261.29
10265.25
10267.07
10268.65
10268.71
10271.73
10271.74
10273.74
10276.73
10277.87
10279.61
10280.33
10280.98
10281.66
10281.83
10284.63
10290.57
10291.11
10292.21
10292.88
10295.21
10296.31
10297.16
10301.83
10301.83
10302.67
10303.67
10304.08
10307.97
10310.23
10310.64
10314.04
10316.58
10319.02
10321.01
10322.11
10322.72
10322.77
10322.98
10323.95
10328.76
10331.75
10333.19
10334.19
10334.92
10336.65
10338.28
10339.15
10341.66
10343.81
10344.22
10344.22
10344.27
10344.28
10344.47
10344.84
10344.84
10346.27
10346.98
10348.65
10350.17
10352.06
10354.67
10356.60
10356.94
10357.27
10359.17
10360.64
10360.75
10360.78
10364.47
10364.76
10365.11
10366.14
10371.67
10372.48
10378.42
10378.67
10379.65
10379.67
10380.27
10381.37
10387.85
10388.42
10390.06
10394.47
10396.63
10397.27
10398.59
10399.05
10399.31
10399.37
10401.57
10405.75
10410.37
10410.97
10411.71
10419.22
10421.17
10424.51
10439.66
10439.68
10440.48
10441.30
10443.61
10444.58
10446.21
10446.71
10446.90
10447.44
10447.85
10449.90
10451.33
10454.00
10455.84
10455.85
10456.25
10456.25
10456.25
10458.09
10459.03
10461.58
10462.60
10465.70
10467.51
10471.08
10471.40
10474.07
10474.48
10476.11
10482.38
10486.87
10487.36
10488.61
10488.72
10491.51
10492.29
10494.55
10495.21
10495.27
10495.75
10496.39
10496.43
10496.51
10496.52
10496.71
10496.86
10497.18
10497.34
10497.82
10497.82
10498.02
10498.17
10498.36
10498.38
10498.54
10498.85
10498.85
10499.46
10499.46
10500.78
10500.99
10501.02
10501.30
10501.46
10501.51
10502.33
10502.57
10502.91
10503.35
10503.76
10504.17
10508.27
10508.88
10508.88
10509.98
10512.71
10513.59
10513.65
10513.79
10516.83
10516.94
10517.69
10520.76
10521.19
10521.99
10522.68
10522.83
10524.24
10525.46
