25314.72
25315.26
25316.80
25317.12
25318.24
25318.44
25321.21
25321.38
25323.05
25323.32
25324.49
25324.49
25326.13
25326.20
25326.74
25330.63
25331.45
25331.45
25331.55
25331.64
25332.80
25333.21
25333.44
25333.45
25333.61
25334.11
25335.75
25336.58
25336.58
25338.00
25339.06
25339.85
25340.80
25341.10
25342.30
25343.01
25343.47
25345.99
25346.08
25347.63
25349.68
25349.68
25349.80
25350.94
25351.72
25352.64
25354.29
25354.72
25354.86
25354.92
25355.03
25356.03
25357.03
25357.23
25357.41
25357.44
25358.69
25359.51
25359.51
25359.67
25359.73
25359.84
25360.53
25360.53
25360.57
25360.71
25361.35
25361.76
25361.89
25362.38
25362.70
25363.07
25363.27
25363.43
25363.56
25363.81
25363.83
25363.96
25364.15
25364.63
25364.81
25365.65
25365.86
25366.14
25366.19
25366.39
25366.45
25366.47
25367.00
25367.00
25368.03
25368.03
25368.03
25368.05
25368.15
25368.19
25368.72
25368.72
25368.72
25368.79
25369.16
25369.24
25369.89
25369.89
25370.36
25370.36
25370.36
25370.48
25371.19
25371.35
25371.40
25371.80
25371.80
25372.12
25372.80
25372.80
25372.80
25372.80
25372.80
25372.80
25372.89
25373.05
25373.06
25373.43
25374.05
25374.05
25374.05
25374.19
25374.85
25374.95
25375.08
25375.25
25375.32
25375.36
25375.38
25375.89
25375.98
25376.09
25376.51
25376.75
25376.89
25376.98
25377.74
25377.74
25377.78
25378.35
25378.80
25378.80
25378.91
25379.42
25379.57
25379.99
25380.13
25381.63
25382.05
25382.06
25382.63
25382.63
25382.87
25382.92
25382.92
25383.03
25383.82
25384.70
25384.70
25385.52
25385.55
25385.68
25386.34
25386.34
25386.40
25386.95
25386.96
25387.36
25387.36
25388.18
25388.72
25388.96
25388.97
25389.08
25389.36
25389.96
25389.96
25390.33
25390.33
25390.62
25390.95
25391.46
25391.85
25391.98
25392.58
25392.62
25393.30
25393.30
25393.47
25394.73
25394.73
25394.80
25395.17
25396.37
25397.60
25397.87
25398.12
25398.63
25399.03
25400.03
25400.47
25401.32
25401.63
25401.82
25401.90
25402.00
25402.33
25402.49
25403.13
25403.16
25403.17
25403.33
25403.47
25404.15
25404.15
25404.15
25404.97
25405.01
25405.59
25405.87
25406.51
25406.53
25407.02
25408.23
25409.27
25409.27
25409.62
25410.40
25410.40
25410.91
25411.06
25411.18
25411.59
25411.75
25411.81
25412.55
25412.59
25412.94
25413.37
25414.60
25415.21
25415.26
25416.03
25416.39
25416.73
25417.26
25417.26
25417.67
25417.72
25417.75
25418.10
25418.13
25418.23
25418.35
25419.72
25419.72
25420.72
25420.85
25420.93
25421.08
25421.08
25422.45
25422.60
25422.88
25423.41
25423.52
25423.85
25424.59
25424.69
25425.66
25426.70
25426.73
25428.53
25428.66
25429.55
25430.47
25431.80
25431.94
25432.23
25432.31
25432.44
25432.52
25433.24
25433.24
25434.06
25434.87
25435.19
25436.63
25436.88
25436.94
25438.15
25438.21
25439.58
25440.20
25440.22
25440.93
25441.22
25441.84
25441.84
25442.35
25442.35
25442.40
25442.44
25442.70
25444.09
25444.40
25444.87
25445.21
25445.32
25445.33
25446.72
25446.74
25448.29
25448.29
25449.36
25450.64
25451.05
25452.06
25453.10
25453.10
25453.10
25453.16
25453.24
25453.39
25453.91
25453.94
25454.74
25455.88
25456.38
25456.63
25457.40
25457.61
25458.43
25458.44
25458.84
25459.45
25460.27
25460.27
25460.27
25461.09
25462.32
25462.32
25463.45
25464.03
25464.57
25465.18
25465.18
25465.59
25465.95
25467.64
25467.69
25467.91
25469.05
25469.22
25469.63
25469.94
25470.29
25471.42
25471.94
25471.94
25472.10
25472.56
25474.30
25474.82
25474.83
25475.63
25475.85
25477.06
25477.23
25477.35
25477.38
25477.45
25477.92
25479.02
25479.16
25479.30
25480.09
25480.16
25480.54
25481.57
25481.72
25481.73
25481.92
25482.49
25482.82
25482.90
25483.06
25483.26
25483.29
25483.44
25483.53
25484.03
25484.22
25484.25
25484.28
25484.31
25484.53
25484.53
25485.11
25485.18
25485.71
25485.71
25485.71
25485.71
25485.88
25486.52
25486.81
25487.09
25488.74
25488.77
25489.01
25489.13
25489.76
25489.76
25490.04
25490.18
25490.63
25490.87
25491.40
25491.48
25491.65
25492.01
25492.20
25492.30
25492.49
25492.84
25492.89
25493.45
25493.45
25493.86
25493.86
25493.88
25493.93
25494.37
25494.37
25494.38
25494.50
25494.58
25494.84
25495.07
25495.07
25495.08
25495.11
25495.15
25495.17
25495.18
25495.20
25495.21
25495.37
25495.56
25496.31
25496.31
25496.31
25496.31
25496.35
25496.37
25496.40
25496.40
25496.42
25496.43
25496.67
25496.79
25497.03
25497.16
25497.29
25497.75
25497.75
25498.26
25498.26
25498.26
25498.38
25498.44
25498.53
25498.79
25499.39
25499.39
25499.55
25499.56
25499.72
25499.77
25499.83
25500.41
25500.41
25500.47
25500.49
25500.50
25500.60
25500.76
25500.90
25501.17
25501.35
25501.92
25502.30
25502.38
25502.54
25502.60
25502.88
25503.00
25503.11
25503.13
25503.26
25503.35
25503.38
25503.54
25503.63
25503.70
25503.88
25504.01
25504.04
25504.18
25504.63
25504.85
25504.91
25505.23
25505.38
25505.73
25505.80
25505.81
25505.85
25505.96
25506.06
25506.08
25506.09
25506.10
25506.38
25506.47
25506.97
25506.97
25507.13
25507.17
25507.63
25507.63
25508.11
25508.81
25508.85
25508.91
25509.02
25509.03
25509.42
25509.73
25509.76
25509.85
25509.97
25510.36
25511.47
25511.47
25512.60
25512.65
25513.31
25513.41
25513.65
25513.93
25513.93
25514.75
25514.83
25514.88
25515.05
25516.18
25516.30
25516.43
25517.41
25517.41
25518.33
25518.49
25518.65
25518.70
25518.95
25519.66
25520.68
25521.09
25521.21
25521.22
25521.39
25521.92
25522.03
25522.14
25522.53
25522.74
25523.05
25523.14
25523.71
25523.71
25523.86
25524.47
25524.91
25525.60
25526.62
25526.68
25526.74
25527.55
25527.80
25527.99
25528.25
25530.72
25531.11
25531.75
25531.75
25531.83
25531.83
25532.36
25532.77
25534.20
25535.11
25536.25
25537.89
25538.30
25538.77
25539.15
25540.45
25540.81
25541.32
25541.99
25542.91
25543.04
25544.18
25544.28
25544.47
25544.81
25544.85
25544.98
25545.47
25545.48
25545.55
25546.69
25546.69
25548.23
25548.97
25549.36
25549.92
25551.82
25553.66
25554.48
25554.48
25554.85
25556.12
25556.12
25556.13
25556.13
25557.04
25558.57
25558.57
25558.57
25559.81
25559.81
25560.48
25560.55
25560.61
25561.04
25562.46
25562.56
25563.12
25563.90
25564.62
25564.62
25564.62
25564.71
25564.71
25564.75
25565.33
25566.36
25566.48
25566.62
25567.08
25567.79
25567.91
25567.95
25567.96
25568.13
25568.21
25568.23
25569.48
25570.45
25572.40
25572.83
25572.97
25574.37
25574.48
25575.57
25575.57
25575.57
25575.98
25576.39
25576.79
25577.42
25577.61
25578.79
25578.79
25579.06
25579.47
25579.66
25579.83
25579.99
25579.99
25580.69
25581.10
25582.13
25582.13
25582.13
25582.18
25582.26
25582.84
25584.38
25584.97
25586.22
25589.02
25589.24
25589.50
25589.59
25590.73
25590.87
25591.24
25591.75
25591.99
25592.05
25592.10
25593.60
25593.60
25594.21
25595.18
25596.05
25596.62
25596.93
25597.90
25597.90
25598.82
25600.83
25601.08
25602.20
25602.48
25603.43
25604.24
25605.02
25605.17
25605.81
25607.23
25607.43
25608.15
25608.95
25609.36
25609.38
25610.29
25610.29
25610.30
25610.62
25610.80
25611.82
25612.47
25613.46
25613.46
25614.28
25614.28
25614.62
25615.41
25616.13
25617.56
25617.61
25617.77
25617.86
25617.86
25618.05
25618.18
25619.79
25619.79
25619.79
25619.98
25620.14
25620.33
25621.24
25621.27
25621.33
25621.79
25622.25
25622.44
25622.68
25622.76
25623.09
25623.24
25624.00
25625.76
25626.56
25626.69
25627.59
25627.59
25629.36
25629.53
25629.94
25630.29
25630.87
25631.08
25632.12
25632.71
25633.33
25633.51
25634.45
25634.51
25634.61
25635.17
25635.17
25635.58
25637.01
25638.86
25639.27
25640.29
25640.95
25640.98
25641.52
25641.63
25643.36
25643.36
25644.59
25644.59
25644.59
25644.68
25645.04
25646.43
25646.94
25646.98
25647.18
25648.07
25648.07
25648.18
25648.31
25648.31
25649.04
25649.06
25649.07
25649.91
25649.91
25649.91
25650.05
25650.12
25650.84
25651.07
25651.07
25651.07
25651.15
25651.20
25651.32
25651.62
25651.62
25651.74
25651.85
25651.97
25652.09
25652.78
25652.78
25652.87
25652.90
25652.95
25652.99
25653.81
25653.81
25653.81
25653.91
25654.10
25654.24
25654.25
25654.44
25654.48
25654.53
25654.61
25654.73
25654.92
25654.96
25655.44
25655.44
25655.53
25655.55
25655.85
25656.47
25656.47
25656.47
25656.56
25656.56
25656.84
25656.92
25656.92
25657.04
25657.06
25657.49
25657.90
25657.90
25657.90
25658.05
25658.31
25658.34
25658.52
25658.79
25659.04
25659.06
25659.09
25659.20
25659.20
25659.74
25659.96
25660.14
25660.77
25661.12
25661.14
25661.35
25662.00
25662.00
25662.17
25662.21
25662.24
25662.32
25662.46
25662.79
25662.86
25663.11
25663.19
25663.30
25663.84
25663.84
25664.02
25664.07
25664.13
25664.76
25665.89
25665.89
25665.97
25665.97
25665.97
25666.07
25666.61
25666.92
25666.94
25667.32
25667.32
25667.94
25668.55
25669.58
25669.58
25669.99
25669.99
25670.60
25670.60
25671.42
25671.59
25671.74
25671.91
25672.01
25672.09
25672.16
25672.62
25673.32
25674.28
25674.39
25674.85
25676.71
25677.36
25677.50
25677.54
25677.97
25678.59
25678.59
25678.78
25678.97
25679.61
25679.61
25680.02
25680.02
25680.53
25680.75
25681.25
25681.66
25681.71
25682.69
25682.69
25682.69
25682.99
25684.63
25685.55
25685.55
25685.71
25686.98
25687.60
25688.83
25690.05
25690.67
25690.72
25691.16
25691.31
25692.44
25693.13
25693.21
25693.22
25693.27
25693.80
25693.90
25694.05
25694.77
25695.59
25695.59
