12841.35
12841.96
12842.57
12844.82
12847.64
12847.67
12847.68
12848.92
12850.76
12851.15
12852.40
12859.31
12859.78
12864.07
12864.52
12868.10
12868.69
12870.01
12870.42
12871.39
12872.10
12873.09
12876.77
12877.54
12878.41
12878.45
12880.87
12880.87
12880.91
12883.31
12884.14
12884.31
12885.17
12886.19
12889.26
12890.40
12895.94
12899.09
12899.23
12899.91
12900.94
12901.49
12901.76
12901.79
12904.42
12904.89
12906.06
12907.08
12907.69
12907.72
12908.72
12908.72
12908.72
12908.81
12910.44
12914.25
12915.86
12917.12
12917.12
12920.39
12921.26
12921.71
12921.72
12922.24
12922.24
12922.36
12923.05
12923.05
12923.39
12923.67
12923.75
12924.28
12925.10
12925.18
12925.72
12925.76
12926.13
12926.54
12926.54
12926.54
12926.72
12927.06
12927.44
12927.72
12927.89
12928.29
12929.30
12929.61
12929.68
12929.83
12931.04
12931.04
12931.12
12931.36
12931.42
12931.64
12931.67
12932.27
12932.27
12932.40
12933.48
12933.59
12934.13
12934.13
12934.52
12934.59
12934.68
12934.93
12934.96
12935.03
12935.09
12935.37
12935.43
12935.60
12935.62
12935.96
12936.05
12936.57
12936.69
12936.84
12937.15
12937.16
12937.37
12937.44
12937.80
12938.21
12938.33
12938.83
12939.00
12939.85
12939.85
12939.85
12939.85
12940.02
12940.26
12940.45
12940.58
12940.83
12941.28
12941.28
12941.44
12941.56
12941.79
12941.95
12941.98
12942.51
12942.64
12942.72
12943.22
12943.54
12943.69
12943.72
12944.54
12944.65
12945.47
12945.51
12946.62
12947.02
12947.14
12947.61
12947.61
12947.70
12948.05
12948.06
12949.27
12949.59
12950.29
12950.91
12950.91
12951.94
12952.75
12953.16
12953.98
12955.12
12955.12
12955.46
12955.95
12956.39
12957.05
12957.19
12958.49
12958.59
12959.71
12960.12
12961.62
12962.99
12963.71
12964.22
12964.63
12964.66
12965.38
12965.66
12966.68
12967.91
12968.07
12969.09
12969.18
12971.18
12972.00
12972.62
12972.62
12973.23
12973.23
12973.23
12973.36
12973.38
12973.84
12978.12
12978.22
12979.31
12979.79
12980.40
12980.40
12980.43
12980.58
12982.04
12982.04
12983.07
12983.13
12983.33
12987.23
12987.98
12989.12
12989.20
12991.53
12997.84
12999.33
13000.33
13004.77
13006.00
13006.02
13006.41
13007.02
13007.22
13008.46
13008.46
13013.40
13015.11
13016.44
13016.63
13017.88
13018.90
13018.96
13020.34
13023.37
13024.23
13024.23
13025.47
13025.67
13027.71
13028.12
13028.96
13029.87
13030.37
13031.49
13032.01
13033.11
13033.75
13033.79
13034.06
13035.10
13036.10
13037.13
13037.15
13038.15
13040.21
13040.65
13041.63
13042.25
13042.86
13043.48
13045.18
13046.75
13046.98
13047.12
13047.98
13049.72
13049.78
13049.90
13050.86
13052.29
13052.29
13052.41
13052.68
13053.18
13053.26
13053.29
13055.18
13055.99
13056.38
13057.25
13057.43
13060.33
13060.86
13060.92
13061.23
13064.90
13066.21
13066.29
13066.30
13066.82
13067.44
13067.62
13068.87
13069.83
13075.94
13076.92
13077.68
13078.25
13080.34
13080.42
13081.98
13083.43
13083.52
13087.17
13088.86
13089.56
13089.56
13090.86
13090.89
13093.36
13095.70
13097.65
13098.01
13099.69
13100.42
13100.59
13102.46
13103.48
13105.11
13105.40
13106.15
13106.56
13108.81
13108.99
13110.02
13112.29
13112.34
13114.67
13118.84
13121.51
13121.51
13126.13
13127.04
13127.15
13131.62
13132.98
13136.74
13137.07
13138.30
13143.74
13145.67
13146.49
13149.36
13149.37
13150.56
13153.25
13154.47
13160.01
13163.44
13163.50
13164.92
13166.77
13170.66
13173.67
13175.17
13180.52
13183.98
13184.02
13186.84
13191.96
13193.11
13194.64
13208.54
13211.82
13212.23
13216.74
13217.16
13217.76
13223.09
13223.09
13225.95
13227.10
13228.21
13231.89
13231.89
13231.89
13233.11
13233.11
13233.95
13234.31
13235.47
13235.53
13236.81
13237.44
13239.43
13239.88
13239.88
13240.37
13241.10
13242.13
13242.32
13244.14
13245.33
13250.12
13251.10
13251.75
13255.04
13255.68
13256.26
13257.29
13257.29
13259.11
13261.65
13266.50
13268.35
13269.43
13269.99
13270.01
13273.36
13273.50
13273.88
13273.97
13275.62
13276.54
13284.94
13294.97
13295.33
13296.08
13297.02
13300.68
13303.48
13307.27
13308.53
13310.54
13310.94
13311.60
13311.73
13311.80
13315.57
13317.19
13317.23
13319.14
13319.96
13322.41
13328.52
13329.77
13332.04
13333.11
13334.98
13335.27
13335.74
13336.34
13336.45
13339.12
13340.23
13341.87
13345.66
13348.16
13349.65
13354.91
13358.44
13365.42
13367.88
13370.13
13370.75
13372.59
13373.00
13373.09
13373.30
13373.72
13374.43
13375.79
13376.28
13376.28
13377.30
13378.30
13380.76
13382.42
13382.83
13382.98
13384.32
13384.48
13384.52
13384.88
13385.19
13386.11
13387.10
13387.33
13388.36
13388.46
13389.40
13390.34
13390.49
13390.61
13391.84
13391.84
13391.96
13392.10
13392.15
13393.18
13393.30
13393.30
13393.89
13393.95
13394.01
13394.04
13394.71
13394.74
13394.93
13395.02
13395.04
13395.73
13395.77
13396.32
13396.96
13397.07
13397.34
13397.37
13397.52
13397.53
13397.68
13397.68
13398.80
13399.29
13399.71
13399.75
13400.03
13400.21
13400.43
13400.43
13400.43
13400.43
13400.85
13400.85
13400.95
13401.08
13401.19
13401.30
13401.44
13401.63
13401.70
13401.82
13401.98
13402.31
13402.52
13403.05
13403.12
13403.31
13403.42
13403.92
13404.35
13404.48
13404.74
13405.15
13405.15
13405.23
13405.44
13405.64
13405.70
13406.18
13406.50
13406.79
13406.81
13406.84
13406.88
13407.26
13407.40
13407.58
13407.74
13408.44
13409.04
13409.76
13409.91
13410.24
13410.50
13411.14
13411.91
13411.98
13412.16
13412.38
13412.43
13413.14
13413.31
13413.38
13413.42
13413.96
13413.96
13414.32
13414.46
13414.48
13414.64
13414.86
13415.19
13415.32
13415.46
13415.48
13415.78
13415.78
13415.78
13415.86
13415.95
13416.53
13416.68
13416.78
13416.85
13417.24
13417.24
13417.34
13417.65
13418.06
13418.40
13418.64
13418.78
13418.91
13418.93
13418.95
13419.00
13419.20
13419.23
13419.25
13419.33
13419.53
13419.90
13419.90
13419.96
13420.01
13420.10
13420.15
13420.48
13420.54
13420.57
13421.13
13421.39
13421.47
13422.29
13422.29
13422.62
13423.17
13423.18
13423.18
13423.18
13423.26
13423.26
13423.35
13423.55
13423.61
13423.85
13423.92
13423.93
13424.20
13424.60
13425.02
13425.84
13426.25
13426.56
13426.76
13426.92
13427.27
13427.68
13428.09
13428.32
13429.52
13429.93
13430.57
13431.16
13431.30
13431.45
13432.19
13432.29
13432.42
13432.50
13432.71
13432.87
13433.42
13433.42
13435.05
13435.46
13435.46
13435.56
13436.04
13436.17
13439.56
13440.29
13441.67
13442.70
13443.86
13445.09
13445.92
13447.19
13447.65
13451.03
13452.05
13452.15
13453.79
13458.81
13458.81
13459.60
13468.33
13471.71
13472.74
13473.56
13473.97
13474.15
13476.22
13477.27
13479.11
13479.56
13482.98
13483.11
13486.17
13490.76
13501.86
13504.48
13505.61
13505.92
13509.91
13517.59
13522.71
13523.85
13529.59
13530.49
13538.48
13538.48
13539.50
13544.71
13548.92
13549.54
13554.45
13557.32
13559.57
13560.26
13560.80
13562.44
13571.66
13572.68
13573.75
13579.03
13583.31
13583.57
13585.62
13587.65
13590.56
13594.18
13594.44
13601.77
13606.23
13606.67
13609.67
13610.57
13613.42
13617.94
13618.76
13619.99
13621.07
13621.17
13621.24
13621.36
13621.75
13622.04
13623.25
13623.46
13623.69
13623.71
13624.49
13624.49
13624.64
13624.69
13624.87
13625.28
13625.37
13625.45
13625.74
13625.77
13625.93
13626.54
13627.28
13627.97
13628.18
13628.32
13628.79
13629.30
13629.91
13630.43
13630.43
13630.69
13630.98
13631.25
13631.25
13631.38
13631.51
13631.56
13631.90
13632.28
13632.68
13633.09
13633.25
13633.36
13633.57
13634.53
13634.64
13634.79
13634.85
13634.96
13635.14
13635.34
13635.36
13635.96
13636.37
13636.56
13636.56
13636.72
13637.97
13639.24
13639.55
13639.85
13641.08
13642.11
13642.11
13643.58
13643.59
13643.71
13645.18
13645.23
13645.37
13645.73
13648.11
13648.27
13650.20
13650.26
13651.55
13652.14
13652.16
13656.24
13659.10
13659.13
13659.13
13664.22
13665.86
13666.68
13669.32
13670.16
13670.57
13672.08
13675.28
13677.10
13678.97
13681.22
13681.49
13681.69
13685.11
13686.75
13691.80
13694.74
13696.79
13698.65
13702.11
13702.21
13704.32
13706.82
13708.00
13710.17
13714.12
13716.45
13717.06
13718.50
13718.58
13719.09
13733.10
13735.28
13736.72
13739.69
13745.73
13751.18
13755.08
13756.18
13756.20
13761.48
13765.12
13766.83
13771.67
13776.25
13776.27
13779.09
13783.23
13783.50
13785.47
13788.55
13790.18
13790.21
13792.22
13796.04
13799.80
13800.83
13803.03
13803.69
13808.41
13810.44
13811.85
13813.52
13816.80
13819.08
13830.11
13830.93
13835.95
13837.45
13841.09
13845.06
13845.10
13848.34
13849.30
13850.18
13853.87
13855.64
13858.17
13859.13
13861.76
13862.47
13868.41
13869.84
13872.30
13872.50
13873.46
13876.19
13876.19
13878.24
13878.28
13880.86
13886.75
13888.28
13889.00
13890.33
13892.67
13895.82
13896.91
13897.31
13898.93
13902.49
13908.02
13908.35
13909.78
13909.89
13910.19
13911.67
13912.84
13913.47
13915.31
13916.09
13917.56
13918.18
13918.98
13921.39
13921.77
13922.07
13922.22
13922.25
13923.09
13923.65
13925.35
13925.35
13925.43
13927.39
13931.09
13931.09
13931.11
13931.83
13932.92
13935.58
13937.43
13937.43
13940.01
13942.62
13943.58
13944.60
13945.01
13945.80
13946.24
13946.28
13947.05
13947.46
13948.87
13949.02
13950.53
13950.56
13952.58
13955.45
13955.47
13957.74
13959.04
13959.53
13959.86
13959.93
13961.90
13961.98
13962.39
13962.57
13963.16
13963.35
13963.40
13968.46
