23030.33
23030.33
23030.42
23030.43
23030.52
23030.56
23030.69
23030.75
23030.81
23030.85
23030.92
23031.05
23031.07
23031.07
23031.15
23031.18
23031.30
23031.55
23031.69
23032.37
23032.37
23032.38
23032.38
23032.60
23032.71
23032.85
23032.92
23033.04
23033.04
23033.12
23033.31
23033.63
23034.31
23034.31
23034.31
23034.34
23034.40
23034.46
23034.61
23034.80
23035.09
23035.27
23035.62
23035.74
23035.79
23036.87
23037.69
23037.84
23037.85
23038.21
23038.21
23038.72
23038.84
23039.47
23039.47
23039.58
23039.69
23039.78
23039.96
23040.01
23040.56
23040.68
23041.17
23041.25
23042.30
23042.50
23042.64
23043.22
23043.22
23043.28
23043.40
23043.76
23044.25
23044.25
23045.25
23045.69
23045.70
23047.32
23047.48
23047.82
23047.87
23048.14
23048.28
23049.17
23049.21
23049.35
23049.87
23049.97
23050.02
23050.08
23051.01
23051.01
23051.19
23051.23
23052.44
23052.61
23053.66
23053.89
23053.96
23054.03
23054.69
23054.69
23055.51
23055.93
23056.14
23056.54
23057.15
23057.15
23057.30
23058.92
23060.87
23061.86
23063.71
23063.71
23063.82
23064.12
23064.25
23065.55
23065.68
23065.78
23066.37
23066.47
23068.00
23068.00
23068.01
23068.56
23068.84
23068.95
23068.96
23069.09
23069.85
23069.95
23070.52
23070.85
23071.06
23071.49
23072.17
23072.39
23072.77
23072.94
23073.33
23073.74
23073.79
23073.94
23074.25
23074.80
23074.99
23075.38
23075.44
23076.54
23078.86
23080.70
23081.32
23081.43
23081.48
23082.24
23082.53
23084.00
23084.05
23084.23
23086.85
23088.07
23088.69
23089.10
23089.98
23090.33
23090.33
23090.94
23091.73
23091.84
23093.19
23093.72
23093.72
23095.93
23096.00
23096.20
23099.71
23101.59
23102.61
23103.02
23103.27
23106.10
23106.18
23106.30
23106.82
23107.94
23107.94
23108.55
23108.55
23109.60
23110.05
23110.09
23110.27
23110.71
23112.71
23116.54
23118.59
23118.86
23119.41
23119.41
23119.83
23120.64
23121.46
23121.51
23121.55
23121.74
23121.84
23122.48
23122.48
23122.48
23122.48
23122.59
23123.24
23124.32
23125.35
23125.53
23126.17
23126.33
23127.25
23127.45
23129.24
23129.85
23129.85
23130.26
23130.46
23130.50
23130.59
23130.79
23131.29
23131.36
23132.31
23132.70
23133.41
23133.41
23133.95
23134.66
23136.67
23137.02
23137.13
23138.05
23138.05
23138.12
23138.41
23138.68
23139.89
23141.10
23141.29
23142.72
23143.06
23143.98
23143.98
23144.86
23146.03
23147.67
23147.67
23148.58
23150.33
23151.36
23151.36
23151.77
23152.59
23152.85
23153.61
23153.61
23153.65
23154.43
23155.41
23156.07
23157.09
23157.17
23158.85
23159.55
23160.37
23161.39
23161.43
23161.54
23164.02
23164.46
23166.21
23166.46
23167.09
23168.15
23168.86
23169.04
23170.26
23171.22
23171.22
23171.63
23171.63
23171.70
23171.81
23172.02
23172.04
23172.51
23173.07
23173.48
23173.51
23173.57
23173.82
23174.01
23174.50
23174.68
23175.52
23175.56
23175.65
23175.83
23175.96
23176.10
23176.71
23176.71
23176.73
23176.73
23176.98
23177.17
23177.25
23177.26
23177.39
23177.98
23178.29
23178.29
23178.29
23179.01
23179.07
23179.08
23179.12
23179.27
23179.62
23179.71
23180.23
23180.64
23180.64
23180.65
23180.73
23180.73
23180.93
23181.46
23182.08
23182.15
23182.17
23182.24
23182.25
23182.28
23182.29
23182.39
23182.52
23182.58
23182.80
23183.10
23183.48
23183.55
23184.12
23184.53
23185.35
23185.84
23186.17
23186.24
23187.20
23187.61
23187.80
23188.28
23189.04
23189.04
23189.10
23189.66
23189.71
23189.79
23190.12
23192.55
23192.60
23193.34
23193.34
23193.40
23193.57
23194.57
23194.62
23196.31
23197.39
23198.87
23199.28
23199.68
23200.14
23200.71
23201.94
23202.97
23204.61
23204.78
23205.12
23206.10
23206.20
23206.37
23206.41
23206.44
23207.21
23208.09
23208.10
23209.32
23211.36
23211.36
23212.14
23213.62
23213.68
23213.98
23214.04
23214.85
23214.85
23215.25
23215.62
23215.89
23216.69
23217.52
23217.98
23218.97
23219.08
23219.56
23219.71
23219.87
23219.95
23220.02
23220.58
23220.58
23220.99
23223.45
23223.46
23223.47
23223.56
23223.73
23223.93
23224.46
23224.46
23224.48
23224.65
23225.29
23225.80
23225.80
23225.88
23226.46
23226.70
23227.95
23227.95
23228.57
23229.45
23230.08
23230.15
23230.61
23230.61
23230.76
23231.64
23233.24
23234.10
23234.11
23234.47
23234.58
23235.73
23236.11
23236.77
23236.93
23237.37
23237.37
23237.78
23237.85
23237.94
23237.94
23238.46
23238.70
23239.01
23239.01
23239.14
23239.63
23239.77
23239.80
23240.24
23240.24
23240.24
23240.32
23240.38
23240.39
23240.40
23240.51
23240.53
23240.55
23240.62
23240.68
23240.77
23240.84
23240.96
23241.02
23241.04
23241.07
23241.14
23241.17
23241.24
23241.30
23241.37
23241.44
23241.47
23241.88
23241.88
23241.88
23241.89
23241.96
23241.99
23242.70
23242.70
23242.70
23242.70
23242.71
23242.78
23242.81
23242.83
23242.98
23242.99
23243.52
23243.52
23243.63
23243.63
23243.65
23243.73
23243.85
23243.96
23243.99
23243.99
23244.15
23244.26
23244.54
23244.54
23244.61
23244.84
23244.91
23245.13
23245.30
23245.44
23245.58
23245.66
23245.69
23245.74
23245.79
23245.85
23246.01
23246.08
23246.38
23246.38
23246.48
23246.49
23246.63
23246.71
23246.75
23246.81
23246.86
23246.92
23247.03
23247.04
23247.15
23247.21
23247.38
23247.53
23247.82
23247.82
23247.82
23247.88
23247.94
23248.45
23248.46
23248.56
23248.60
23248.61
23248.62
23248.63
23248.67
23248.67
23248.67
23248.86
23248.94
23248.97
23249.13
23249.27
23249.28
23249.45
23249.66
23249.68
23249.68
23249.77
23249.81
23249.97
23250.30
23250.31
23250.35
23250.51
23250.61
23250.63
23250.82
23250.83
23250.83
23250.92
23250.92
23251.30
23251.46
23251.46
23251.48
23251.91
23251.91
23251.91
23251.91
23251.91
23252.24
23252.36
23252.38
23252.44
23252.45
23252.66
23252.76
23252.88
23253.14
23253.48
23253.60
23253.78
23253.87
23254.18
23254.23
23254.30
23254.33
23254.41
23254.47
23254.62
23254.77
23254.90
23254.99
23255.15
23255.59
23256.01
23256.32
23256.32
23256.73
23256.73
23256.82
23256.91
23256.97
23257.02
23257.24
23257.24
23257.33
23257.33
23257.36
23257.39
23257.57
23257.91
23258.26
23258.34
23258.36
23258.72
23258.81
23258.91
23259.49
23259.49
23259.54
23259.86
23260.06
23260.10
23260.46
23260.82
23260.89
23261.00
23261.03
23261.04
23261.54
23261.89
23262.04
23262.22
23262.63
23262.81
23262.95
23263.02
23263.59
23263.97
23264.01
23264.41
23265.02
23265.43
23266.23
23266.66
23266.66
23266.84
23268.91
23269.00
23271.57
23271.91
23273.95
23274.80
23274.86
23274.91
23275.70
23276.49
23277.92
23278.39
23278.41
23279.56
23279.56
23280.59
23280.59
23281.00
23281.61
23281.92
23284.27
23284.36
23285.50
23286.22
23286.53
23286.59
23286.62
23289.18
23289.59
23290.62
23290.64
23291.85
23292.48
23293.34
23293.90
23294.72
23295.04
23295.26
23296.56
23296.79
23299.01
23299.01
23299.84
23299.97
23300.20
23301.22
23302.09
23302.18
23302.61
23303.11
23303.23
23304.14
23304.75
23305.78
23307.13
23308.23
23309.46
23309.51
23310.49
23310.61
23310.81
23310.98
23311.22
23315.61
23316.02
23318.37
23318.37
23318.79
23319.50
23319.85
23323.59
23324.62
23324.88
23324.95
23325.27
23325.79
23326.23
23326.38
23326.99
23327.03
23327.08
23327.48
23327.55
23328.12
23328.12
23328.15
23329.07
23329.27
23329.29
23330.02
23330.13
23330.16
23330.25
23330.97
23331.07
23331.38
23332.20
23332.60
23332.86
23332.93
23332.93
23332.95
23333.12
23333.21
23333.63
23333.80
23333.92
23334.65
23334.65
23334.76
23335.23
23335.28
23335.88
23335.88
23335.88
23335.88
23335.97
23336.06
23336.14
23336.17
23336.28
23336.75
23336.99
23337.02
23337.52
23337.52
23337.60
23337.73
23337.84
23337.85
23337.96
23338.24
23338.38
23338.71
23338.71
23338.98
23339.02
23339.34
23339.54
23340.18
23340.20
23340.40
23340.55
23341.62
23341.82
23341.96
23342.44
23342.44
23342.69
23343.12
23343.15
23343.46
23343.87
23343.93
23343.93
23344.02
23344.42
23345.11
23345.51
23345.72
23346.74
23347.45
23347.45
23347.58
23347.69
23348.17
23348.20
23348.80
23349.10
23349.20
23349.26
23350.10
23350.11
23350.33
23350.37
23350.83
23351.10
23351.45
23351.48
23352.06
23352.18
23352.35
23352.72
23352.76
23353.02
23353.09
23353.21
23353.49
23353.61
23354.11
23354.53
23355.34
23355.88
23355.96
23357.39
23357.47
23357.61
23358.12
23358.82
23358.90
23359.89
23362.19
23362.92
23362.92
23363.06
23363.53
23367.42
23368.02
23368.32
23368.73
23370.70
23370.74
23370.87
23372.75
23373.16
23373.88
23375.00
23375.61
23375.82
23376.64
23378.69
23379.09
23379.10
23380.10
23380.12
23380.92
23381.35
23382.17
23382.26
23382.59
23383.20
23383.81
23383.97
23385.04
23385.04
23386.48
23387.29
23388.51
23389.75
23390.16
23390.67
23392.00
23392.14
23396.20
23396.22
23397.32
23398.14
23399.58
23400.06
23402.61
23404.08
23404.08
23404.16
23405.10
23405.51
23405.93
23407.15
23408.18
23409.51
23409.62
23410.84
23412.89
23413.50
23413.50
23415.55
23415.96
23416.14
23418.10
23418.20
23418.83
23419.24
23420.05
23421.69
23421.73
23422.51
23423.54
23424.15
23424.76
23425.99
23426.00
23427.01
23427.84
23428.19
23428.38
23428.89
23430.06
23430.50
23430.67
23432.14
23432.14
23432.14
23432.21
23432.50
23433.29
23434.29
23435.17
23435.30
23438.69
23438.69
23438.85
23438.91
23439.71
23439.85
23440.54
23441.56
23442.11
23442.29
23443.61
23444.02
23444.83
23444.83
23445.04
23446.80
23447.70
23448.73
23449.98
23450.97
23451.12
23454.26
