17186.58
17186.63
17186.67
17187.39
17187.62
17187.70
17187.72
17187.76
17188.01
17188.43
17188.76
17188.84
17188.90
17189.01
17189.65
17190.26
17190.38
17190.87
17190.90
17190.98
17190.99
17191.08
17191.35
17191.72
17192.30
17192.63
17192.92
17192.92
17192.92
17193.05
17193.25
17193.38
17193.53
17193.93
17193.96
17194.08
17194.23
17194.25
17194.34
17195.49
17195.61
17195.70
17196.19
17196.19
17196.35
17196.73
17197.34
17197.51
17197.82
17198.66
17198.66
17198.73
17199.67
17200.08
17200.19
17200.71
17200.96
17201.72
17201.72
17202.34
17202.75
17203.01
17203.57
17203.57
17203.70
17203.89
17204.00
17204.63
17204.81
17205.33
17205.43
17205.53
17205.86
17206.23
17206.23
17207.18
17207.66
17207.84
17207.95
17208.11
17208.69
17208.88
17210.12
17210.69
17210.69
17211.74
17212.58
17212.76
17213.40
17213.63
17214.01
17214.03
17214.48
17214.53
17214.63
17214.73
17214.89
17215.07
17215.85
17215.85
17215.85
17215.85
17216.10
17216.35
17216.86
17217.13
17217.29
17217.31
17217.50
17217.90
17218.00
17218.22
17218.42
17218.61
17218.73
17219.54
17220.56
17221.14
17221.15
17221.49
17221.64
17221.74
17222.57
17223.43
17223.52
17223.84
17224.25
17225.27
17226.50
17226.52
17227.07
17227.94
17228.03
17228.35
17228.82
17228.84
17228.99
17229.24
17229.36
17229.59
17229.59
17229.77
17231.21
17231.62
17231.74
17231.88
17232.65
17232.76
17233.47
17233.86
17234.01
17234.31
17234.91
17234.99
17235.72
17235.72
17235.85
17236.45
17236.56
17237.76
17238.24
17238.35
17238.48
17238.73
17238.84
17239.61
17239.65
17241.04
17241.45
17241.65
17242.48
17242.66
17244.52
17245.55
17245.96
17246.78
17246.78
17246.86
17248.01
17248.04
17249.85
17249.85
17249.89
17251.70
17251.70
17252.00
17252.07
17252.91
17253.49
17253.95
17254.00
17254.36
17254.39
17255.35
17255.99
17256.81
17257.03
17257.68
17258.25
17259.44
17260.11
17261.00
17261.00
17261.13
17261.14
17261.93
17262.09
17262.21
17263.44
17264.19
17264.80
17265.82
17265.87
17266.27
17266.85
17268.84
17269.92
17269.92
17270.20
17272.17
17272.95
17273.41
17273.56
17273.91
17274.00
17276.47
17277.50
17279.12
17281.80
17281.80
17282.21
17284.26
17286.51
17288.07
17288.25
17289.17
17289.69
17289.98
17291.83
17291.90
17292.65
17292.65
17295.83
17296.02
17298.14
17298.66
17299.21
17299.21
17299.21
17300.06
17300.84
17300.98
17301.46
17302.28
17304.33
17305.56
17305.76
17307.21
17308.01
17308.16
17309.41
17309.81
17312.31
17312.36
17312.60
17313.22
17313.25
17313.39
17315.32
17315.80
17315.81
17316.82
17317.17
17317.20
17317.24
17317.25
17317.51
17318.05
17318.19
17318.87
17320.71
17321.12
17321.57
17322.96
17323.17
17323.78
17324.15
17324.28
17324.51
17324.94
17325.40
17326.51
17326.59
17328.90
17329.31
17329.72
17329.74
17330.32
17330.49
17331.36
17331.44
17332.35
17332.41
17334.09
17335.94
17336.00
17336.49
17336.65
17336.83
17338.14
17338.94
17339.20
17340.06
17340.17
17340.47
17340.65
17340.73
17340.78
17340.86
17340.98
17341.06
17341.09
17341.18
17341.18
17341.60
17341.60
17341.64
17341.94
17342.04
17342.34
17342.45
17342.89
17342.91
17342.92
17343.24
17343.41
17343.45
17343.85
17343.91
17344.27
17344.88
17345.19
17345.90
17346.20
17346.60
17346.67
17346.68
17347.13
17347.13
17347.25
17347.74
17347.74
17347.74
17348.13
17349.38
17349.69
17349.99
17350.35
17350.42
17350.82
17350.82
17350.98
17351.14
17351.37
17351.39
17351.40
17351.94
17351.94
17352.09
17352.13
17352.66
17353.49
17353.67
17353.99
17353.99
17354.71
17354.81
17355.28
17356.35
17356.39
17356.76
17356.88
17356.94
17359.13
17360.03
17361.22
17361.35
17362.49
17362.65
17362.65
17362.80
17363.34
17363.43
17363.92
17364.03
17364.11
17365.14
17365.14
17365.15
17366.38
17367.18
17367.31
17367.84
17367.84
17370.57
17371.01
17372.12
17374.57
17377.03
17377.41
17377.48
17377.95
17379.36
17380.00
17380.27
17380.59
17381.54
17382.35
17382.53
17383.20
17383.79
17384.81
17386.66
17387.39
17389.73
17389.75
17390.55
17390.56
17390.60
17391.03
17391.11
17391.31
17392.39
17393.18
17393.21
17393.93
17394.26
17394.39
17395.42
17395.75
17396.49
17396.58
17397.24
17398.12
17400.17
17400.58
17400.72
17401.40
17402.02
17402.43
17402.43
17403.34
17403.61
17404.27
17404.27
17405.09
17405.91
17406.93
17406.97
17409.13
17410.39
17410.44
17411.05
17412.32
17412.71
17412.84
17413.08
17414.21
17414.29
17415.23
17416.97
17417.07
17417.10
17418.53
17419.83
17419.89
17420.45
17420.86
17421.19
17421.53
17423.45
17423.72
17424.95
17425.02
17425.12
17427.00
17427.82
17427.82
17429.19
17429.97
17429.97
17431.19
17431.19
17431.58
17433.15
17433.96
17434.78
17434.79
17436.01
17436.42
17436.45
17437.04
17437.10
17437.86
17438.68
17439.35
17439.45
17441.01
17442.63
17444.00
17445.02
17445.13
17445.54
17446.45
17446.48
17446.87
17447.12
17447.12
17449.12
17449.12
17450.32
17450.76
17450.76
17450.79
17450.88
17451.72
17452.19
17452.19
17452.81
17454.65
17455.77
17456.70
17457.18
17458.75
17459.30
17459.34
17459.77
17460.69
17462.43
17462.43
17463.34
17464.07
17464.74
17465.91
17466.73
17467.63
17468.58
17469.69
17469.83
17469.92
17470.45
17470.83
17471.06
17474.51
17476.77
17476.77
17479.02
17479.02
17479.02
17479.84
17480.64
17480.94
17481.44
17481.60
17484.75
17485.26
17486.39
17486.39
17486.57
17487.47
17487.50
17487.93
17488.24
17488.38
17488.95
17488.95
17489.09
17489.18
17490.08
17490.49
17491.18
17491.93
17493.12
17493.77
17494.38
17494.38
17494.38
17494.38
17495.32
17495.46
17495.92
17496.46
17496.56
17498.27
17498.27
17498.39
17499.37
17499.82
17500.94
17502.72
17502.79
17503.12
17503.13
17503.60
17504.14
17506.57
17506.57
17506.79
17507.28
17508.51
17508.95
17509.76
17510.56
17512.77
17512.87
17513.29
17513.51
17514.45
17514.69
17515.65
17518.69
17520.37
17521.43
17523.67
17524.69
17524.81
17526.53
17527.56
17532.34
17536.36
17538.41
17538.41
17543.53
17543.56
17543.94
17543.99
17544.69
17544.81
17545.79
17548.24
17548.65
17548.69
17548.83
17548.88
17549.35
17549.88
17550.50
17552.97
17553.43
17554.80
17556.02
17556.43
17556.50
17561.35
17563.10
17563.81
17565.31
17566.90
17568.11
17568.52
17568.79
17570.69
17571.59
17572.79
17575.28
17575.87
17577.53
17577.63
17577.94
17578.55
17579.33
17579.54
17580.00
17581.07
17581.83
17582.44
17582.93
17583.44
17583.88
17584.88
17585.52
17587.97
17588.68
17588.71
17588.84
17589.21
17590.23
17591.87
17591.89
17593.04
17594.55
17595.32
17595.55
17595.71
17596.87
17597.05
17597.09
17597.13
17597.15
17597.17
17597.60
17598.21
17598.27
17598.57
17598.84
17598.89
17599.31
17599.39
17599.58
17599.76
17599.78
17599.90
17600.02
17600.10
17600.23
17600.24
17600.37
17600.54
17600.62
17600.63
17600.67
17601.24
17601.28
17601.29
17601.34
17601.41
17601.46
17601.47
17601.65
17602.31
17602.31
17602.45
17602.48
17603.09
17603.36
17603.74
17603.76
17603.80
17604.56
17605.31
17605.38
17605.79
17605.98
17606.41
17606.46
17606.96
17607.28
17607.37
17607.38
17608.17
17608.28
17608.66
17609.68
17611.73
17611.98
17612.61
17612.72
17612.72
17613.16
17613.16
17614.19
17614.20
17615.83
17616.24
17616.65
17616.81
17616.97
17619.72
17620.44
17620.57
17620.61
17620.80
17620.82
17621.36
17621.45
17621.52
17622.59
17622.79
17623.61
17623.80
17623.90
17624.09
17624.28
17624.37
17624.84
17624.94
17625.33
17625.37
17626.08
17626.48
17626.55
17627.65
17628.12
17628.53
17628.69
17628.85
17629.03
17629.05
17629.07
17629.55
17629.55
17629.96
17629.96
17630.57
17630.69
17631.07
17631.17
17631.17
17631.60
17631.73
17632.22
17632.22
17633.24
17633.41
17633.60
17635.08
17635.08
17635.71
17636.04
17636.15
17636.15
17636.48
17637.13
17637.74
17638.83
17639.59
17639.93
17639.94
17640.03
17640.19
17642.61
17643.27
17643.35
17643.88
17644.24
17644.91
17645.08
17645.15
17645.73
17647.57
17647.63
17648.10
17648.15
17648.29
17648.80
17650.37
17654.74
17655.15
17656.00
17656.12
17656.79
17657.20
17657.37
17657.96
17658.16
17658.42
17658.42
17658.45
17658.60
17658.66
17658.67
17659.04
17659.04
17659.08
17659.25
17659.29
17659.38
17659.39
17659.58
17659.73
17659.84
17660.02
17660.68
17660.68
17660.72
17660.80
17660.81
17661.09
17661.09
17661.23
17661.31
17661.33
17661.36
17661.40
17661.70
17661.76
17661.85
17661.87
17661.91
17662.32
17662.32
17662.32
17662.32
17662.53
17662.73
17662.79
17662.86
17662.93
17663.34
17663.44
17663.47
17663.47
17663.96
17663.96
17663.96
17663.96
17664.04
17664.04
17664.04
17664.04
17664.04
17664.04
17664.19
17664.23
17664.26
17664.26
17664.33
17664.38
17664.56
17664.62
17664.66
17664.82
17664.87
17664.94
17665.39
17665.39
17665.45
17665.52
17665.56
17665.61
17665.64
17665.81
17666.05
17666.41
17666.42
17666.42
17666.46
17666.46
17666.49
17666.55
17666.55
17666.65
17666.76
17666.82
17666.86
17666.90
17666.90
17667.64
17667.64
17667.78
17667.81
17667.93
17667.97
17667.98
17668.05
17668.06
17668.43
17668.43
17668.43
17668.46
17668.49
17668.54
17668.82
17668.87
17668.94
17668.97
17669.00
17669.69
17669.69
17669.80
17669.91
17669.94
17670.13
17670.13
17670.16
17670.23
17670.55
17671.12
17671.26
17671.53
17671.58
17671.70
17671.89
17672.07
17672.18
17672.84
17673.38
17673.99
17674.55
17674.84
17676.33
17676.41
17676.71
17676.73
17677.47
17677.47
17677.58
17678.37
17679.40
17679.72
