19579.65
19589.89
19593.00
19594.40
19595.63
19596.04
19596.16
19598.29
19606.43
19607.71
19608.88
19610.37
19628.54
19634.74
19641.50
19645.19
19648.19
19649.28
19658.09
19658.09
19669.37
19670.89
19676.45
19680.62
19684.31
19689.60
19696.80
19698.85
19707.45
19708.92
19709.84
19711.82
19714.82
19725.07
19731.29
19742.26
19746.69
19750.46
19751.59
19752.71
19757.83
19760.28
19760.28
19761.92
19763.07
19763.07
19764.16
19764.36
19770.73
19784.63
19801.84
19801.84
19804.32
19809.03
19809.62
19814.56
19815.37
19818.41
19829.30
19839.34
19842.65
19843.43
19844.15
19844.29
19850.80
19852.83
19866.51
19873.22
19874.56
19878.72
19881.73
19886.99
19888.61
19893.40
19899.60
19901.39
19902.01
19904.76
19905.28
19914.76
19917.78
19917.99
19919.62
19920.85
19923.72
19924.41
19926.49
19926.61
19927.20
19927.81
19928.39
19928.74
19928.83
19928.85
19929.74
19930.31
19931.35
19931.70
19931.73
19934.36
19935.80
19936.21
19937.86
19938.00
19942.76
19943.99
19945.59
19948.13
19948.23
19948.90
19949.65
19950.13
19950.13
19953.21
19955.96
19956.69
19957.30
19961.02
19961.60
19962.87
19963.45
19964.09
19964.18
19966.89
19967.95
19969.39
19972.72
19978.60
19979.63
19980.14
19982.49
19982.49
19984.73
19986.08
19987.04
19990.58
19998.88
19999.60
20000.72
20001.93
20004.82
20006.04
20007.27
20012.60
20013.21
20013.60
20014.85
20015.26
20016.49
20019.51
20021.41
20027.14
20034.51
20035.33
20036.35
20045.16
20045.23
20046.39
20051.33
20053.61
20062.33
20062.64
20066.61
20067.40
20067.89
20074.25
20077.31
20081.00
20082.74
20083.87
20089.81
20090.64
20091.09
20092.11
20098.82
20098.87
20099.61
20104.96
20106.60
20107.01
20107.01
20107.92
20108.38
20117.66
20125.12
20126.80
20127.28
20129.33
20144.08
20144.42
20145.92
20150.02
20151.25
20156.33
20156.58
20158.78
20160.06
20160.19
20160.52
20161.03
20162.31
20162.35
20163.13
20169.64
20178.08
20179.92
20181.97
20182.14
20183.19
20186.20
20187.70
20188.45
20191.18
20193.96
20194.05
20197.12
20201.42
20204.49
20209.58
20210.64
20211.05
20214.33
20214.33
20218.15
20221.53
20226.82
20228.46
20233.35
20236.88
20243.20
20245.86
20249.42
20250.09
20253.24
20253.65
20258.56
20269.05
20274.13
20292.05
20293.72
20294.40
20294.40
20298.91
20299.30
20305.29
20306.28
20306.47
20310.79
20315.21
20316.11
20316.80
20316.98
20318.98
20318.98
20318.98
20319.80
20322.57
20325.74
20328.71
20330.04
20331.23
20332.50
20335.60
20336.49
20336.54
20338.64
20343.97
20349.01
20352.82
20365.27
20367.01
20370.08
20371.22
20372.82
20372.85
20375.92
20378.99
20383.08
20383.09
20383.23
20384.72
20385.28
20391.89
20392.30
20394.35
20394.96
20395.35
20397.83
20398.24
20410.73
20414.00
20420.36
20421.14
20426.09
20430.53
20431.65
20433.23
20434.20
20434.70
20439.97
20442.55
20442.86
20443.20
20444.01
20445.04
20446.57
20447.17
20447.33
20448.51
20448.66
20449.85
20452.31
20452.89
20453.74
20453.75
20454.55
20455.79
20458.24
20460.84
20463.06
20463.77
20463.78
20464.08
20465.18
20465.82
20471.09
20472.17
20472.19
20472.78
20475.65
20476.68
20477.19
20481.09
20483.04
20485.48
20485.89
20490.81
20499.00
20502.13
20504.94
20506.20
20506.75
20509.65
20512.72
20514.77
20515.38
20517.57
20519.89
20520.71
20520.83
20523.98
20530.13
20535.35
20535.86
20539.31
20539.96
20540.37
20549.99
20553.47
20553.47
20553.99
20554.01
20556.55
20557.02
20558.32
20560.92
20561.66
20562.39
20564.96
20567.42
20569.65
20572.32
20572.51
20574.36
20580.30
20581.33
20581.49
20582.05
20584.85
20585.44
20586.86
20587.02
20598.51
20599.35
20600.78
20604.47
20605.26
20605.27
20606.46
20609.55
20610.24
20611.38
20613.32
20614.11
20615.08
20618.81
20619.05
20622.84
20634.17
20635.67
20636.21
20636.84
20638.06
20640.76
20641.74
20643.79
20643.94
20644.40
20644.67
20648.56
20650.75
20659.46
20660.38
20665.91
20666.98
20667.96
20670.63
20672.93
20675.94
20676.56
20676.56
20681.27
20683.99
20685.24
20686.33
20686.62
20691.50
20692.66
20695.16
20697.45
20698.07
20702.16
20707.33
20713.95
20715.27
20716.99
20717.84
20722.23
20724.50
20725.17
20730.16
20735.17
20737.59
20743.15
20743.26
20748.14
20749.07
20753.56
20753.67
20765.36
20772.82
20773.30
20780.80
20781.08
20783.60
20790.99
20795.03
20795.15
20799.17
20802.99
20807.59
20808.39
20808.87
20809.88
20812.54
20819.71
20821.96
20823.17
20825.86
20828.98
20830.98
20834.67
20839.58
20841.83
20841.89
20843.88
20846.13
20846.30
20846.86
20849.20
20849.29
20850.23
20851.30
20853.47
20853.92
20854.53
20854.53
20855.37
20862.31
20862.79
20864.97
20868.05
20868.86
20869.48
20870.71
20873.37
20873.55
20875.22
20879.73
20880.16
20881.43
20882.59
20887.43
20887.48
20887.91
20888.93
20889.15
20889.80
20892.01
20892.01
20892.42
20894.10
20894.67
20895.90
20895.90
20896.06
20898.77
20898.77
20899.58
20902.25
20903.23
20903.68
20904.81
20904.85
20907.57
20908.60
20908.97
20909.62
20912.49
20912.90
20913.18
20914.10
20914.15
20914.33
20914.74
20921.70
20922.70
20923.95
20924.77
20925.87
20930.08
20932.76
20933.20
20938.30
20949.35
20950.15
20951.63
20953.04
20954.27
20954.67
20955.29
20957.72
20959.18
20959.25
20959.27
20959.36
20961.61
20961.66
20961.81
20966.35
20966.36
20966.55
20967.33
20967.70
20971.88
20972.60
20973.72
20974.01
20975.15
20978.23
20979.66
20979.94
20980.13
20980.43
20981.10
20983.77
20984.17
20985.19
20985.60
20987.65
20988.47
20988.52
20991.54
20991.54
20992.36
20992.36
20993.08
20994.00
20994.41
20999.53
20999.94
21001.16
21002.55
21003.83
21005.26
21010.55
21011.82
21012.67
21014.53
21014.87
21018.71
21018.85
21021.85
21022.90
21029.22
21030.86
21030.97
21033.93
21034.75
21037.19
21038.64
21042.69
21044.17
21045.18
21056.05
21057.18
21057.50
21059.20
21060.70
21061.05
21061.10
21061.99
21062.61
21064.65
21065.10
21065.88
21066.50
21066.82
21067.24
21067.29
21067.43
21068.95
21068.95
21069.06
21069.58
21071.18
21071.82
21073.18
21073.66
21074.18
21074.20
21074.89
21075.25
21075.28
21075.65
21075.85
21076.12
21076.94
21077.18
21077.22
21077.23
21078.37
21078.78
21079.60
21079.60
21080.59
21081.26
21081.32
21081.65
21081.65
21083.67
21083.82
21084.93
21084.93
21085.11
21085.13
21085.75
21086.79
21087.15
21088.00
21088.00
21088.50
21088.98
21088.98
21090.66
21091.06
21094.19
21097.60
21098.85
21099.67
21102.75
21105.41
21105.82
21108.57
21110.94
21111.55
21111.98
21112.78
21119.74
21120.56
21121.39
21123.23
21123.84
21123.86
21124.86
21125.80
21128.80
21129.98
21131.09
21132.66
21135.29
21138.38
21139.64
21140.22
21140.33
21140.98
21141.15
21141.66
21142.56
21144.44
21145.35
21149.44
21150.46
21151.08
21151.27
21152.92
21155.49
21159.94
21160.79
21163.37
21163.78
21165.18
21166.13
21167.06
21167.45
21169.10
21174.02
21174.15
21174.31
21176.27
21179.96
21179.96
21181.80
21184.15
21189.77
21190.45
21191.83
21194.16
21197.15
21198.97
21199.36
21199.60
21199.74
21200.64
21200.98
21202.92
21204.74
21205.56
21205.68
21205.88
21206.97
21206.97
21206.97
21207.07
21208.01
21208.02
21208.84
21208.97
21210.06
21210.13
21210.30
21210.88
21211.20
21211.25
21211.90
21212.72
21212.72
21213.37
21213.39
21213.49
21214.57
21214.98
21214.99
21215.08
21215.23
21215.43
21215.44
21215.79
21215.83
21216.61
21216.76
21217.21
21217.31
21217.48
21217.49
21218.05
21218.06
21218.15
21218.87
21218.87
21219.69
21219.81
21219.86
21220.09
21220.27
21220.71
21221.30
21221.50
21221.94
21222.35
21222.35
21222.36
21222.77
21223.15
21223.24
21223.99
21223.99
21224.18
21224.81
21224.81
21225.04
21225.31
21225.32
21225.62
21225.81
21226.24
21227.03
21229.14
21229.73
21230.13
21230.36
21230.74
21230.97
21231.07
21231.28
21231.77
21231.95
21232.00
21232.59
21233.40
21233.54
21233.61
21234.23
21234.26
21234.32
21234.85
21234.88
21235.05
21235.36
21235.46
21235.52
21236.48
21237.29
21238.12
21238.53
21238.94
21239.76
21240.37
21240.38
21242.42
21242.42
21242.49
21242.56
21242.97
21242.97
21243.49
21244.47
21244.48
21244.53
21244.88
21244.88
21246.51
21246.92
21246.98
21247.57
21247.65
21248.15
21248.42
21248.74
21248.94
21249.59
21250.00
21250.06
21250.22
21250.29
21250.61
21250.72
21251.00
21252.04
21252.19
21252.66
21253.48
21254.50
21255.28
21255.56
21256.35
21256.35
21256.75
21257.04
21257.09
21257.19
21257.99
21258.08
21259.42
21261.08
21261.37
21261.67
21261.78
21262.49
21262.49
21263.72
21264.13
21265.13
21266.59
21266.59
21266.64
21270.89
21271.10
21272.99
21273.55
21274.76
21277.17
21277.64
21279.69
21279.77
21284.61
21284.72
21285.24
21287.57
21289.73
21292.79
21295.51
21297.04
21297.09
21297.19
21298.74
21302.23
21302.79
21304.47
21305.42
21306.73
21307.95
21309.53
21310.79
21313.28
21314.30
21317.10
21328.02
21330.69
21334.78
21335.35
21340.72
21347.18
21348.30
21352.19
21352.78
21352.90
21352.96
21356.73
21362.43
21366.95
21370.01
21371.24
21373.29
21374.52
21375.33
21376.90
21378.41
21378.41
21380.70
21381.28
21381.51
21382.85
21382.91
21383.73
21383.81
21384.64
21388.68
21389.98
21390.87
21392.69
21392.72
21392.91
21393.03
21393.36
21393.97
21394.38
21395.81
21395.86
21396.68
21398.48
21398.53
21399.09
21401.35
21401.35
21402.06
21402.44
21403.19
21404.01
21407.90
21409.23
21410.02
21411.58
21412.20
21414.25
21414.66
21417.52
21419.78
21421.62
21426.12
