13968.62
13968.74
13969.16
13970.20
13970.30
13970.81
13971.57
13972.04
13972.11
13972.32
13972.37
13972.52
13974.09
13978.18
13979.19
13980.82
13985.97
13986.86
13987.11
13987.81
13987.81
13988.22
13988.22
13988.28
13988.69
13989.21
13989.25
13989.75
13990.26
13990.57
13991.05
13991.25
13991.70
13992.11
13993.15
13994.16
13994.27
13994.52
13994.85
13995.07
13995.34
13995.39
13996.43
13996.52
13996.67
13996.81
13997.43
13997.43
13997.53
13997.64
13997.84
13999.07
13999.07
13999.07
13999.69
13999.99
14000.57
14000.74
14000.77
14000.88
14005.62
14009.57
14010.34
14013.61
14014.43
14015.98
14018.73
14021.20
14023.94
14024.47
14026.95
14028.77
14028.91
14029.22
14030.61
14031.57
14032.04
14033.26
14033.78
14034.09
14034.09
14035.19
14036.14
14036.55
14036.96
14036.96
14039.62
14039.64
14040.65
14040.65
14041.06
14041.43
14041.54
14044.13
14044.95
14046.79
14048.22
14048.82
14050.57
14051.91
14052.74
14054.28
14058.26
14059.69
14061.33
14065.17
14065.73
14066.45
14067.06
14067.11
14067.48
14068.09
14069.53
14074.03
14074.03
14074.65
14076.21
14076.37
14077.12
14077.25
14077.29
14077.40
14078.33
14079.56
14081.81
14082.14
14082.14
14083.04
14083.04
14085.80
14086.40
14086.93
14087.01
14087.28
14087.59
14088.98
14089.02
14090.36
14091.43
14092.67
14096.76
14097.38
14098.33
14098.33
14098.53
14098.62
14098.76
14099.63
14104.07
14105.88
14105.92
14106.80
14106.80
14106.90
14107.21
14107.76
14107.86
14109.90
14109.95
14112.74
14112.85
14113.66
14115.19
14115.71
14119.08
14120.73
14124.00
14124.00
14124.49
14124.82
14124.82
14126.12
14126.21
14127.07
14127.08
14127.69
14128.28
14129.12
14129.12
14129.96
14130.97
14130.97
14131.23
14131.99
14133.46
14135.17
14136.70
14136.74
14137.19
14137.36
14138.13
14139.06
14139.14
14142.49
14143.00
14143.46
14146.34
14148.17
14148.17
14148.21
14150.62
14150.62
14151.59
14152.88
14153.34
14153.36
14154.52
14157.12
14157.19
14158.21
14160.31
14162.30
14163.04
14164.14
14167.33
14168.03
14168.12
14169.86
14169.87
14173.65
14178.27
14178.27
14182.98
14183.45
14185.26
14189.08
14189.74
14189.74
14190.16
14190.27
14190.27
14190.56
14190.82
14190.91
14191.09
14192.00
14192.12
14192.84
14192.91
14193.09
14193.63
14195.06
14195.40
14196.10
14197.32
14198.62
14199.98
14199.98
14200.10
14200.18
14200.34
14201.00
14201.00
14201.30
14202.13
14203.05
14205.56
14206.09
14206.52
14207.38
14208.28
14208.79
14210.01
14210.34
14211.51
14211.77
14212.28
14212.68
14212.68
14213.09
14213.17
14213.56
14214.13
14214.93
14217.34
14218.00
14219.81
14219.89
14220.46
14220.56
14220.72
14221.25
14221.44
14221.58
14222.30
14223.30
14223.49
14223.55
14224.14
14224.55
14224.55
14224.61
14226.40
14226.82
14227.12
14229.75
14229.79
14229.99
14230.45
14230.45
14230.67
14230.85
14231.08
14231.48
14232.34
14232.52
14233.16
14233.28
14233.53
14233.54
14233.88
14234.59
14234.62
14235.07
14236.03
14238.33
14239.07
14239.13
14239.16
14239.26
14239.41
14240.12
14240.53
14240.54
14241.10
14241.34
14241.44
14241.55
14242.21
14243.09
14243.11
14244.83
14245.85
14246.47
14246.47
14246.62
14246.62
14246.72
14246.74
14246.98
14248.52
14248.61
14249.64
14254.05
14254.86
14254.86
14255.01
14255.26
14255.89
14255.89
14256.30
14256.46
14256.62
14256.72
14256.87
14256.96
14257.33
14257.37
14257.55
14258.14
14258.76
14258.89
14258.96
14259.98
14260.12
14260.56
14261.33
14262.03
14262.18
14262.20
14262.33
14262.34
14262.36
14262.61
14262.82
14262.86
14262.97
14263.27
14263.32
14263.49
14263.63
14263.70
14264.29
14264.29
14264.29
14264.29
14264.90
14265.47
14265.92
14265.97
14266.54
14266.54
14266.57
14266.63
14266.66
14266.75
14267.21
14267.66
14267.69
14268.59
14268.59
14268.64
14268.79
14269.54
14270.02
14270.47
14270.55
14271.06
14271.49
14271.59
14271.66
14271.69
14271.72
14271.83
14271.91
14272.48
14272.48
14272.78
14273.35
14273.39
14273.53
14273.58
14273.68
14273.76
14273.87
14273.87
14274.32
14274.35
14274.37
14274.49
14274.69
14275.29
14275.65
14276.16
14276.16
14276.16
14276.27
14276.59
14276.98
14277.36
14277.36
14277.44
14277.45
14277.59
14277.61
14277.80
14277.98
14277.99
14278.63
14278.63
14278.75
14278.95
14279.12
14279.20
14279.37
14279.40
14279.54
14279.93
14279.99
14280.00
14280.43
14280.58
14281.06
14281.06
14281.08
14281.20
14281.35
14281.56
14281.56
14281.56
14281.90
14281.91
14282.31
14282.72
14282.72
14282.76
14282.84
14282.90
14283.74
14284.15
14284.77
14284.77
14284.77
14285.25
14285.58
14285.99
14286.41
14286.89
14286.92
14286.98
14287.69
14287.84
14288.00
14288.05
14288.10
14288.21
14288.66
14289.13
14289.68
14289.68
14289.78
14289.79
14289.81
14290.82
14291.52
14292.07
14292.31
14292.38
14292.96
14293.55
14293.57
14293.66
14293.74
14295.20
14295.20
14295.20
14295.81
14295.81
14295.81
14295.87
14296.30
14296.35
14297.25
14297.32
14297.78
14297.83
14297.90
14298.49
14298.66
14299.34
14300.33
14300.95
14301.30
14301.77
14301.90
14302.06
14303.21
14304.02
14304.12
14304.14
14304.30
14305.06
14305.06
14305.38
14305.44
14307.06
14307.06
14307.06
14307.41
14308.91
14310.37
14310.37
14311.25
14311.25
14311.25
14311.25
14311.35
14311.41
14311.49
14312.41
14312.62
14313.03
14313.03
14313.24
14314.48
14314.48
14314.48
14314.48
14314.48
14314.57
14314.65
14314.92
14315.46
14315.68
14315.83
14316.31
14316.31
14317.06
14317.48
14317.70
14317.85
14317.91
14317.95
14318.36
14319.01
14320.22
14320.22
14320.22
14320.22
14320.31
14320.39
14322.40
14322.40
14323.25
14323.36
14323.47
14324.70
14325.41
14325.46
14325.65
14325.72
14325.92
14326.16
14326.23
14326.35
14327.34
14328.14
14328.52
14329.00
14329.03
14329.20
14330.23
14330.23
14330.41
14330.67
14330.98
14331.12
14331.25
14331.58
14331.69
14331.85
14331.89
14332.54
14332.64
14333.43
14333.59
14333.72
14334.74
14334.74
14334.75
14335.34
14335.50
14335.91
14336.11
14336.11
14336.92
14337.10
14337.71
14337.75
14338.22
14338.26
14338.28
14338.43
14338.96
14339.02
14339.28
14340.27
14340.31
14340.42
14340.68
14340.86
14341.90
14343.45
14344.57
14344.60
14345.59
14345.78
14346.41
14346.41
14347.84
14350.42
14351.99
14353.71
14356.51
14357.28
14359.02
14359.25
14360.13
14360.13
14360.13
14360.13
14360.19
14360.75
14360.75
14360.92
14361.32
14361.40
14361.52
14361.68
14361.97
14362.11
14362.38
14362.38
14362.79
14362.79
14363.41
14363.49
14364.02
14364.07
14364.24
14364.42
14364.90
14365.19
14365.28
14365.40
14365.48
14365.57
14366.32
14366.53
14366.90
14367.19
14368.88
14368.89
14368.98
14369.38
14369.96
14369.96
14370.08
14370.58
14371.36
14371.46
14371.54
14372.42
14372.42
14372.42
14372.44
14372.44
14373.03
14373.03
14373.44
14373.45
14373.55
14373.62
14373.72
14374.26
14374.67
14374.69
14374.77
14374.94
14374.95
14375.00
14375.16
14375.18
14375.20
14375.80
14376.31
14376.73
14377.74
14378.36
14378.37
14378.44
14378.55
14378.68
14379.33
14379.39
14379.44
14379.64
14379.75
14380.28
14380.35
14380.81
14380.84
14380.87
14381.25
14381.32
14381.43
14381.47
14381.60
14381.67
14382.26
14382.70
14384.71
14384.80
14385.53
14385.53
14385.64
14385.70
14385.77
14385.88
14386.08
14386.19
14386.39
14386.96
14387.28
14387.58
14388.39
14388.80
14389.11
14389.48
14389.72
14389.85
14390.44
14390.44
14390.63
14390.64
14391.06
14391.08
14391.25
14391.56
14391.81
14391.88
14392.81
14392.81
14392.81
14393.07
14393.22
14393.72
14393.72
14394.33
14394.81
14395.23
14395.61
14395.69
14395.70
14396.38
14396.38
14396.66
14396.81
14396.87
14396.87
14396.96
14397.15
14397.45
14397.52
14398.02
14398.09
14398.20
14398.35
14398.41
14398.44
14398.56
14398.74
14398.92
14399.12
14399.78
14399.81
14399.84
14399.88
14400.07
14400.51
14400.56
14400.89
14401.15
14401.39
14401.40
14401.62
14401.64
14401.73
14401.87
14402.21
14402.52
14402.78
14403.16
14403.22
14403.35
14403.65
14403.65
14403.65
14403.65
14403.96
14404.37
14404.78
14404.78
14404.78
14404.78
14404.97
14404.98
14405.39
14405.66
14406.01
14406.01
14406.08
14406.10
14406.28
14406.37
14406.83
14406.88
14406.94
14407.09
14407.12
14407.25
14407.30
14407.42
14407.46
14407.55
14407.57
14407.62
14408.06
14408.67
14408.67
14409.29
14409.31
14409.42
14409.46
14409.46
14409.46
14409.83
14410.31
14410.36
14410.75
14410.75
14410.79
14410.86
14410.89
14410.92
14410.94
14410.97
14411.04
14411.17
14411.26
14411.74
14411.74
14411.99
14412.00
14412.14
14412.76
14412.76
14413.17
14413.17
14413.36
14413.63
14413.69
14413.88
14413.89
14413.91
14413.93
14414.35
14414.70
14414.92
14414.98
14415.36
14415.38
14415.45
14415.50
14415.69
14415.80
14416.25
14416.25
14416.46
14416.49
14417.06
14417.15
14417.29
14417.36
14417.49
14417.50
14417.54
14417.59
14417.76
14417.88
14418.50
14418.50
14418.66
14418.78
14418.85
14419.14
14419.15
14419.15
14419.52
14419.52
14420.14
14420.28
14420.40
14420.46
14420.79
14420.79
14420.91
14421.04
14421.12
14421.30
14421.48
14421.98
14422.10
14422.80
14422.80
14422.80
14422.80
14422.88
14422.99
14423.01
14423.30
14423.48
14423.52
14423.82
14424.23
14424.23
14424.24
14424.32
14424.60
14424.61
14424.62
14424.67
14424.87
14424.89
14424.96
14425.15
14425.18
14425.25
14425.26
14425.42
14425.61
14425.67
14426.08
14426.09
14426.49
14426.92
14426.94
14427.03
14427.29
14427.57
