25695.76
25696.16
25697.62
25697.69
25698.02
25699.48
25699.48
25699.48
25699.50
25699.63
25700.43
25700.45
25700.60
25700.67
25701.52
25701.74
25702.00
25702.97
25703.57
25704.81
25706.64
25708.28
25709.72
25710.33
25710.37
25710.54
25710.58
25711.97
25712.33
25714.43
25714.61
25716.37
25716.80
25717.09
25717.80
25719.75
25719.77
25720.47
25721.03
25721.39
25722.01
25722.40
25724.79
25727.94
25727.95
25729.00
25732.95
25733.47
25734.09
25734.50
25735.73
25736.34
25736.50
25737.78
25737.78
25738.59
25739.21
25740.34
25740.83
25740.86
25741.26
25741.30
25742.08
25742.96
25743.82
25744.33
25744.33
25744.78
25744.82
25746.67
25746.71
25748.02
25748.55
25748.92
25749.62
25749.95
25751.01
25751.50
25751.50
25751.51
25751.90
25752.87
25753.54
25753.54
25753.54
25754.16
25754.16
25754.30
25754.43
25757.06
25757.17
25757.27
25757.64
25757.64
25757.67
25758.46
25758.98
25759.48
25760.71
25762.14
25763.37
25763.78
25763.84
25764.10
25765.13
25765.14
25765.63
25765.63
25766.05
25766.90
25767.47
25768.29
25768.83
25769.79
25770.16
25770.19
25770.54
25771.36
25772.09
25772.35
25772.49
25773.20
25773.78
25773.78
25774.84
25774.84
25774.97
25775.46
25775.46
25775.53
25777.30
25778.14
25778.34
25779.76
25781.20
25781.20
25781.83
25782.82
25784.25
25784.26
25786.72
25787.33
25787.33
25787.36
25787.86
25787.89
25788.03
25788.09
25788.97
25789.38
25789.45
25789.47
25790.13
25790.29
25790.82
25790.82
25792.14
25792.47
25792.53
25793.07
25793.48
25794.02
25794.91
25795.59
25796.14
25797.04
25797.57
25797.62
25797.78
25799.62
25799.63
25801.47
25801.47
25801.63
25802.08
25802.16
25802.17
25802.32
25802.40
25802.89
25803.51
25804.54
25805.97
25806.79
25807.03
25807.41
25808.22
25808.63
25808.63
25810.05
25810.48
25811.07
25811.92
25811.92
25812.32
25814.16
25814.17
25814.19
25814.31
25815.39
25817.20
25817.64
25818.86
25819.28
25819.69
25819.69
25820.72
25821.53
25821.56
25822.15
25822.17
25822.96
25823.00
25823.18
25823.99
25823.99
25824.06
25824.61
25825.43
25825.43
25825.51
25825.58
25825.76
25825.98
25826.00
25826.07
25826.66
25827.48
25827.48
25829.73
25829.73
25831.13
25831.57
25831.66
25832.39
25832.99
25834.75
25837.04
25838.33
25839.10
25839.75
25839.75
25841.40
25843.07
25843.17
25843.20
25843.66
25844.65
25845.22
25845.40
25848.68
25849.59
25852.16
25855.23
25855.74
25855.74
25855.76
25856.62
25857.00
25857.58
25857.65
25858.20
25858.75
25859.23
25859.43
25859.83
25860.35
25860.35
25860.78
25861.68
25862.09
25862.60
25864.13
25864.75
25865.57
25865.80
25865.96
25865.98
25866.39
25866.39
25868.03
25869.49
25875.81
25875.81
25876.22
25877.76
25878.61
25880.42
25881.54
25881.66
25883.59
25884.62
25884.62
25886.62
25886.64
25887.28
25887.89
25888.00
25888.03
25888.78
25888.78
25889.12
25889.17
25889.36
25889.40
25890.14
25890.15
25890.24
25890.30
25890.44
25891.15
25892.40
25892.40
25892.41
25892.78
25892.94
25893.61
25893.71
25894.24
25894.24
25894.50
25894.51
25894.86
25895.35
25896.09
25896.09
25896.16
25896.17
25896.61
25896.62
25897.19
25897.20
25897.35
25897.48
25897.59
25897.74
25899.15
25899.15
25899.74
25900.18
25900.59
25901.32
25902.02
25902.02
25902.02
25902.40
25902.49
25902.82
25903.89
25904.28
25905.43
25905.72
25905.76
25906.38
25907.35
25907.62
25907.88
25908.05
25908.17
25908.68
25909.07
25910.01
25910.06
25910.19
25910.37
25910.51
25911.11
25911.11
25912.06
25912.35
25912.88
25912.88
25912.88
25913.28
25913.80
25913.80
25913.99
25913.99
25914.01
25914.41
25914.43
25915.28
25915.95
25916.36
25916.36
25916.77
25917.26
25918.20
25918.24
25918.33
25918.82
25919.07
25919.08
25919.14
25919.27
25919.44
25919.54
25920.36
25920.38
25920.47
25921.07
25922.20
25922.61
25922.80
25923.02
25923.02
25923.19
25923.53
25923.94
25924.35
25924.35
25924.35
25924.44
25924.52
25924.67
25926.12
25926.27
25926.60
25926.79
25926.85
25927.12
25927.15
25927.83
25927.83
25929.47
25929.47
25930.39
25930.39
25930.70
25930.87
25930.91
25931.31
25931.73
25932.99
25933.77
25933.90
25934.59
25935.03
25935.31
25936.23
25936.64
25936.71
25936.72
25937.34
25937.87
25938.38
25939.13
25939.34
25939.93
25940.32
25940.32
25940.43
25941.48
25942.58
25942.62
25943.60
25944.01
25944.04
25945.85
25946.67
25947.09
25947.80
25948.51
25948.95
25949.16
25950.57
25951.79
25952.75
25952.93
25953.43
25955.69
25955.82
25956.30
25958.78
25958.82
25958.93
25960.20
25960.91
25960.99
25961.19
25961.22
25961.83
25961.83
25962.38
25962.42
25962.64
25962.70
25963.32
25963.37
25964.28
25964.70
25964.70
25966.54
25967.56
25968.01
25968.01
25968.28
25969.61
25970.45
25972.07
25972.33
25973.50
25974.42
25974.45
25974.79
25974.90
25975.86
25975.90
25977.29
25977.60
25977.66
25978.00
25978.78
25979.00
25979.04
25979.14
25979.85
25979.85
25980.81
25982.41
25982.49
25982.56
25983.23
25983.34
25984.15
25984.56
25984.56
25985.79
25986.02
25986.51
25986.92
25987.15
25987.23
25987.29
25987.36
25987.43
25987.70
25988.66
25989.11
25989.12
25990.79
25991.14
25992.75
25992.85
25992.93
25994.78
25995.02
25995.62
25995.82
25997.87
25997.89
25998.03
25998.08
25999.71
25999.71
26000.33
26001.08
26001.23
26001.56
26002.38
26002.38
26002.86
26003.41
26003.45
26004.22
26004.22
26004.34
26004.51
26004.84
26004.89
26005.65
26005.71
26006.27
26006.95
26007.04
26007.17
26007.30
26007.48
26007.52
26008.70
26009.34
26009.95
26009.95
26010.47
26010.47
26010.63
26010.80
26010.86
26010.88
26011.09
26011.80
26011.80
26011.94
26011.99
26012.78
26013.17
26014.08
26014.10
26015.48
26015.48
26016.10
26016.13
26016.15
26016.27
26016.71
26016.71
26016.81
26018.16
26018.25
26018.37
26018.54
26018.67
26018.77
26018.92
26019.11
26019.38
26019.41
26019.62
26020.77
26021.63
26022.04
26022.04
26022.34
26023.05
26025.98
26027.77
26028.18
26028.34
26028.82
26029.05
26029.48
26029.49
26029.55
26030.23
26030.82
26031.87
26033.57
26033.64
26034.33
26034.33
26035.05
26035.40
26037.40
26037.47
26038.42
26039.65
26039.65
26040.47
26040.78
26042.52
26042.65
26042.71
26043.13
26043.95
26044.12
26044.99
26045.59
26046.55
26047.35
26047.37
26049.02
26049.69
26050.10
26050.40
26051.53
26051.53
26052.14
26052.14
26052.88
26053.17
26053.19
26054.19
26054.19
26054.24
26055.09
26055.62
26055.64
26055.80
26056.24
26056.27
26056.99
26057.67
26058.29
26058.35
26058.55
26058.79
26059.72
26060.83
26061.77
26062.18
26064.02
26064.05
26064.11
26064.19
26065.66
26066.17
26066.61
26067.91
26068.32
26068.60
26068.89
26069.34
26071.00
26071.39
26071.39
26072.71
26073.07
26073.40
26073.50
26075.90
26076.81
26076.83
26077.33
26077.48
26077.95
26077.95
26078.38
26079.48
26081.10
26081.63
26084.58
26087.98
26087.98
26088.77
26088.86
26089.22
26089.62
26089.88
26089.93
26090.61
26091.87
26092.69
26092.75
26092.82
26093.92
26095.26
26096.18
26096.59
26096.70
26097.28
26097.81
26098.32
26099.46
26100.06
26100.06
26100.23
26101.30
26101.30
26102.12
26102.28
26102.33
26102.45
26102.93
26104.68
26105.80
26105.88
26106.13
26106.77
26107.06
26108.65
26109.33
26111.43
26111.49
26111.78
26111.81
26112.36
26113.38
26113.79
26114.20
26114.72
26115.22
26116.25
26116.30
26117.27
26117.68
26118.23
26118.70
26119.11
26120.34
26121.01
26121.47
26122.19
26122.77
26123.00
26123.04
26124.02
26124.60
26125.16
26125.67
26125.67
26126.28
26129.56
26129.64
26130.58
26130.93
26132.02
26133.45
26133.98
26136.42
26137.75
26138.17
26139.73
26140.62
26140.73
26141.64
26142.10
26142.21
26142.39
26145.34
26146.10
26146.11
26146.26
26147.38
26148.26
26148.34
26148.47
26149.01
26149.10
26149.12
26149.20
26150.45
26150.62
26150.86
26151.47
26152.34
26152.90
26152.90
26152.98
26153.32
26153.90
26154.44
26154.52
26154.59
26155.63
26155.84
26156.06
26157.41
26158.64
26158.79
26158.81
26159.43
26161.30
26161.77
26161.83
26161.91
26162.94
26162.94
26163.04
26163.16
26163.20
26163.98
26164.19
26164.38
26164.59
26164.99
26165.66
26166.83
26167.65
26167.93
26169.98
26170.02
26170.21
26170.33
26170.72
26170.90
26171.01
26171.14
26171.15
26171.54
26171.87
26172.36
26173.18
26173.76
26173.89
26174.41
26174.53
26175.43
26175.43
26176.87
26177.98
26178.40
26178.71
26181.16
26181.64
26184.20
26185.47
26185.58
26185.76
26185.92
26187.11
26188.33
26189.57
26190.38
26191.20
26191.82
26191.95
26192.63
26192.73
26192.92
26193.46
26194.90
26196.11
26197.35
26198.47
26198.78
26199.03
26202.38
26203.49
26204.41
26206.77
26207.13
26207.24
26208.15
26208.77
26209.63
26210.66
26211.68
26212.50
26212.70
26213.73
26213.86
26214.35
26214.64
26214.94
26215.10
26215.98
26215.98
26216.07
26216.14
26217.41
26219.06
26219.57
26219.76
26220.93
26221.71
26221.73
26221.89
26222.04
26222.44
26223.76
26223.86
26224.38
26225.03
26225.40
26225.81
26225.81
26225.90
26226.43
26227.24
26228.47
26230.09
26230.42
26230.82
26230.90
26231.14
26231.23
26232.62
26232.89
26232.91
26233.39
26233.80
26233.87
26233.90
26234.60
26234.60
26235.03
26235.64
26235.78
26236.05
26236.29
26236.33
26236.67
26237.89
26238.52
26238.62
26240.35
26241.78
26243.63
26245.16
26245.68
26245.85
26246.77
26248.48
26248.56
26248.76
26249.99
26250.77
26251.41
26252.94
26253.15
26253.66
26254.69
26254.69
26256.53
26256.80
26258.58
26259.40
26259.73
26261.85
26262.44
