21433.04
21436.36
21439.23
21439.23
21441.89
21444.78
21448.58
21457.57
21458.61
21459.10
21461.96
21467.64
21469.95
21476.30
21478.93
21480.69
21484.08
21493.30
21495.26
21497.91
21504.77
21505.59
21505.59
21507.23
21507.28
21509.22
21510.50
21511.20
21512.76
21514.40
21517.03
21518.53
21519.93
21520.54
21522.98
21528.12
21528.26
21530.78
21534.67
21538.56
21549.97
21551.46
21553.11
21558.42
21567.44
21577.75
21579.17
21580.51
21582.29
21583.02
21586.97
21589.76
21592.83
21597.01
21601.08
21601.25
21603.89
21604.09
21610.03
21619.66
21619.83
21620.27
21621.91
21623.27
21624.27
21624.57
21628.79
21629.70
21634.00
21634.77
21636.66
21645.09
21646.70
21648.54
21649.31
21649.97
21649.97
21650.18
21652.91
21654.48
21655.46
21655.63
21656.32
21661.23
21661.78
21662.67
21663.33
21663.60
21667.38
21668.20
21669.84
21670.66
21671.55
21673.32
21676.26
21676.45
21677.98
21678.23
21681.30
21681.36
21683.16
21684.95
21687.65
21688.68
21691.95
21692.97
21693.59
21696.46
21696.65
21697.17
21697.49
21697.62
21698.92
21704.14
21705.00
21708.52
21710.28
21711.62
21713.67
21713.67
21713.67
21716.52
21717.35
21722.95
21724.06
21727.39
21728.59
21731.28
21733.32
21733.94
21735.17
21737.22
21737.83
21741.05
21742.75
21743.15
21746.02
21746.62
21746.88
21746.92
21750.53
21756.06
21756.47
21758.51
21761.07
21767.52
21777.27
21779.61
21790.67
21791.90
21800.95
21800.96
21805.34
21806.64
21814.83
21819.11
21820.77
21822.94
21823.16
21823.39
21834.50
21838.95
21842.48
21844.73
21844.90
21845.76
21847.19
21851.90
21854.26
21856.20
21867.28
21871.97
21874.43
21883.44
21884.26
21889.79
21889.97
21895.67
21897.17
21900.44
21900.68
21907.28
21917.24
21919.69
21920.31
21921.94
21922.56
21924.61
21926.65
21931.57
21935.26
21936.18
21936.18
21936.49
21943.65
21949.80
21950.97
21953.69
21955.12
21955.12
21955.74
21956.67
21958.30
21958.70
21961.68
21961.75
21961.81
21963.31
21968.73
21970.80
21978.06
21984.89
21988.09
21993.83
21994.73
22002.75
22003.45
22004.68
22005.00
22008.15
22017.18
22018.52
22036.63
22039.91
22041.26
22051.01
22053.20
22053.63
22053.63
22054.45
22056.60
22056.76
22058.88
22061.51
22063.87
22065.29
22065.71
22066.47
22068.27
22070.01
22071.29
22076.57
22083.74
22085.14
22087.26
22089.50
22091.14
22092.97
22096.23
22098.07
22098.26
22099.91
22101.76
22103.07
22103.49
22105.41
22107.27
22109.69
22111.79
22113.24
22114.66
22114.66
22123.19
22123.36
22124.08
22127.98
22128.98
22131.25
22132.00
22132.05
22133.00
22134.31
22134.94
22135.12
22139.17
22140.26
22140.41
22142.95
22155.43
22157.26
22159.72
22160.54
22160.77
22162.18
22162.55
22163.00
22163.72
22163.94
22165.70
22167.09
22167.97
22168.46
22170.27
22172.01
22173.24
22173.75
22173.92
22175.49
22177.13
22179.38
22179.68
22181.43
22184.21
22184.36
22186.93
22188.77
22189.15
22189.62
22189.78
22190.55
22193.02
22197.06
22199.86
22200.47
22203.54
22203.64
22205.80
22207.64
22210.92
22215.84
22221.98
22222.87
22223.41
22225.17
22226.18
22229.14
22233.65
22233.76
22237.13
22240.41
22242.05
22242.05
22243.48
22244.03
22247.17
22249.42
22249.60
22250.65
22252.06
22253.31
22255.23
22255.29
22257.00
22257.71
22260.54
22262.26
22262.37
22264.16
22265.75
22265.83
22265.91
22265.98
22266.43
22266.43
22267.03
22267.65
22267.65
22267.81
22268.10
22268.16
22268.25
22268.32
22268.48
22268.87
22268.89
22268.98
22269.17
22269.49
22269.65
22269.69
22269.91
22270.10
22270.92
22271.15
22271.51
22271.79
22272.45
22272.48
22272.97
22272.97
22273.09
22273.23
22273.30
22273.53
22273.64
22274.30
22274.30
22274.61
22274.61
22275.02
22275.08
22275.10
22275.43
22276.45
22276.88
22276.96
22277.91
22278.00
22278.30
22278.91
22280.24
22280.96
22281.62
22282.80
22283.64
22284.23
22287.73
22287.88
22288.57
22288.95
22289.49
22292.43
22292.92
22293.86
22294.68
22297.34
22302.58
22302.64
22302.85
22303.69
22308.61
22310.93
22312.92
22314.55
22316.59
22316.59
22319.05
22319.46
22319.46
22320.70
22324.58
22325.81
22329.52
22333.59
22334.21
22335.43
22336.25
22340.25
22340.28
22340.48
22342.77
22343.83
22346.09
22346.27
22349.16
22352.23
22354.89
22355.30
22356.53
22357.67
22363.90
22364.03
22364.05
22364.25
22365.17
22367.95
22369.44
22370.87
22371.99
22372.91
22374.92
22374.95
22379.14
22380.29
22382.23
22385.44
22386.22
22387.09
22387.86
22388.68
22388.68
22389.91
22396.46
22396.87
22402.61
22410.80
22411.36
22412.03
22416.23
22420.91
22421.25
22423.91
22425.55
22429.85
22430.71
22435.63
22438.16
22448.90
22449.90
22459.62
22462.62
22463.23
22463.23
22478.92
22489.44
22493.74
22501.53
22503.78
22504.83
22506.90
22508.18
22508.81
22513.85
22515.66
22515.84
22516.17
22516.68
22517.91
22519.93
22521.20
22521.21
22527.33
22535.52
22536.55
22538.39
22544.91
22547.15
22547.61
22551.90
22552.18
22552.92
22555.31
22563.25
22563.50
22564.02
22568.91
22571.96
22577.71
22579.11
22583.86
22585.70
22587.34
22587.75
22589.59
22594.65
22595.94
22602.51
22602.93
22603.72
22605.57
22606.79
22607.82
22608.74
22614.78
22619.90
22622.56
22626.74
22630.92
22631.33
22634.24
22636.70
22637.06
22638.54
22639.10
22642.74
22643.86
22646.92
22658.81
22667.01
22668.03
22669.31
22683.06
22684.00
22684.14
22684.17
22684.19
22687.28
22687.28
22688.71
22688.71
22689.12
22690.40
22693.02
22693.13
22693.83
22694.65
22696.28
22696.70
22703.05
22703.20
22703.52
22705.03
22707.63
22708.98
22715.87
22719.37
22724.91
22726.81
22729.67
22731.95
22732.99
22734.79
22736.94
22756.09
22756.71
22759.85
22765.31
22767.97
22769.61
22770.43
22770.57
22773.16
22778.91
22779.33
22779.40
22779.97
22784.77
22786.81
22787.84
22788.64
22789.89
22794.60
22796.23
22799.76
22800.53
22802.91
22804.02
22804.84
22805.21
22806.68
22807.04
22809.47
22810.29
22815.49
22820.73
22824.09
22824.09
22828.82
22830.23
22832.28
22833.30
22839.31
22839.86
22842.31
22843.58
22843.76
22845.92
22850.71
22853.90
22856.24
22856.65
22856.65
22860.54
22864.23
22866.17
22868.12
22868.51
22870.06
22872.81
22874.06
22874.73
22874.73
22876.11
22876.11
22876.82
22877.75
22880.41
22884.30
22884.84
22885.18
22885.94
22886.55
22889.67
22889.67
22890.44
22890.50
22890.72
22890.98
22891.88
22891.92
22892.95
22892.97
22893.51
22893.51
22894.13
22894.14
22894.16
22894.23
22894.54
22894.54
22894.54
22894.81
22894.81
22894.95
22895.07
22895.24
22895.29
22895.97
22895.97
22896.03
22896.59
22896.59
22896.59
22896.62
22896.75
22896.76
22897.00
22897.05
22897.08
22897.11
22897.12
22897.14
22897.15
22897.20
22897.25
22897.30
22897.41
22897.47
22897.75
22897.83
22898.43
22898.62
22899.04
22899.04
22899.05
22899.06
22899.16
22899.26
22899.26
22899.29
22899.33
22899.53
22899.67
22900.17
22900.20
22900.28
22900.36
22901.03
22901.30
22901.35
22901.47
22901.56
22901.61
22901.63
22901.66
22902.12
22902.12
22902.12
22902.15
22902.31
22902.51
22902.73
22902.79
22903.14
22903.55
22903.55
22903.55
22903.56
22903.84
22903.98
22904.12
22904.23
22904.73
22904.73
22904.73
22904.78
22904.99
22905.04
22905.04
22905.19
22905.60
22905.60
22905.60
22906.31
22906.44
22906.45
22906.82
22907.44
22907.44
22907.45
22907.63
22907.68
22907.71
22908.47
22908.52
22908.53
22908.58
22909.49
22911.13
22911.13
22911.34
22911.74
22911.85
22912.85
22913.18
22913.29
22913.34
22913.49
22913.55
22913.56
22914.35
22914.43
22914.81
22914.85
22914.94
22915.02
22915.31
22915.38
22915.62
22916.46
22916.54
22916.72
22917.27
22917.85
22917.90
22918.30
22919.12
22919.12
22919.12
22919.71
22919.74
22920.14
22920.14
22920.30
22920.34
22921.51
22921.85
22922.39
22923.73
22924.24
22924.29
22925.06
22926.29
22926.36
22926.36
22927.31
22927.39
22928.31
22928.36
22928.53
22928.95
22928.95
22929.36
22929.62
22930.59
22930.59
22930.59
22930.59
22930.66
22930.67
22930.70
22931.41
22931.77
22932.22
22933.29
22933.65
22933.77
22933.88
22933.92
22934.27
22934.27
22934.68
22935.50
22935.52
22935.55
22935.58
22935.67
22936.73
22936.93
22937.44
22937.44
22937.45
22938.26
22938.26
22938.27
22938.33
22938.46
22939.48
22939.61
22939.73
22940.21
22940.21
22940.21
22940.62
22941.94
22942.04
22942.96
22942.98
22943.03
22943.36
22943.79
22944.10
22944.27
22945.31
22945.33
22945.63
22946.56
22946.56
22946.59
22947.90
22948.61
22949.86
22950.45
22953.59
22953.95
22954.24
22954.75
22955.36
22958.03
22958.52
22959.89
22963.35
22965.94
22966.63
22969.91
22969.97
22971.09
22971.93
22972.72
22973.59
22973.61
22973.78
22975.85
22976.75
22976.75
22977.20
22977.69
22979.74
22981.58
22982.40
22983.01
22985.68
22986.19
22986.36
22986.52
22986.99
22987.03
22987.31
22988.47
22990.47
22992.54
22992.90
22993.25
22993.87
22993.99
22995.71
22997.35
22999.81
23000.71
23001.44
23002.47
23002.84
23003.49
23005.34
23008.36
23009.23
23010.25
23012.74
23014.35
23015.78
23015.78
23017.42
23017.75
23017.79
23017.87
23021.47
23022.80
23023.97
23024.09
23025.00
23025.00
23025.09
23025.10
23025.21
23025.22
23025.67
23025.69
23025.70
23026.02
23026.11
23026.21
23026.32
23026.47
23026.49
23026.54
23027.04
23027.17
23027.21
23027.22
23027.27
23027.47
23027.47
23027.53
23027.69
23027.83
23028.02
23028.06
23028.10
23028.11
23028.14
23028.18
23028.48
23028.48
23028.57
23028.60
23029.91
23030.00
23030.06
23030.15
23030.16
