10526.90
10526.95
10528.56
10530.18
10530.18
10530.71
10530.71
10532.43
10534.10
10538.78
10541.55
10546.43
10546.65
10547.73
10548.20
10548.21
10549.23
10550.05
10553.62
10553.94
10554.78
10555.17
10555.78
10556.66
10557.42
10558.24
10559.06
10563.97
10566.02
10567.46
10570.20
10570.73
10571.98
10573.71
10574.42
10576.88
10577.80
10578.92
10578.92
10579.10
10579.17
10579.95
10579.95
10580.56
10580.56
10580.63
10580.68
10580.70
10580.82
10580.95
10581.11
10581.42
10581.47
10581.55
10582.41
10583.39
10583.84
10584.45
10584.45
10584.45
10584.86
10585.18
10585.19
10585.68
10585.68
10585.79
10586.71
10586.71
10586.86
10586.95
10587.43
10588.96
10590.60
10591.59
10593.87
10593.87
10594.69
10594.78
10595.24
10597.11
10597.41
10598.17
10598.32
10598.39
10598.41
10598.50
10603.04
10603.71
10603.71
10603.80
10604.93
10604.94
10606.29
10606.29
10608.21
10609.23
10613.64
10613.66
10614.56
10617.09
10617.84
10619.51
10620.50
10621.10
10621.11
10621.27
10621.34
10625.33
10625.82
10626.74
10627.03
10627.19
10628.92
10633.81
10634.22
10634.34
10634.51
10634.65
10638.11
10639.65
10639.70
10641.06
10642.21
10647.53
10649.58
10652.35
10652.40
10653.34
10653.98
10654.90
10655.11
10660.02
10660.21
10660.48
10661.21
10662.60
10664.94
10665.69
10666.17
10668.96
10669.56
10671.32
10673.26
10677.64
10678.84
10679.58
10679.72
10682.21
10682.55
10683.80
10683.97
10687.41
10689.29
10690.54
10692.38
10693.78
10695.04
10697.47
10699.39
10699.96
10700.04
10702.01
10702.01
10703.03
10705.65
10706.72
10706.72
10710.61
10712.24
10716.35
10718.39
10726.17
10726.23
10726.40
10727.21
10727.39
10727.78
10728.60
10732.52
10733.34
10734.42
10736.18
10737.64
10737.74
10737.76
10742.97
10743.79
10744.63
10746.49
10748.29
10748.29
10750.61
10751.16
10751.98
10752.14
10752.59
10753.00
10753.80
10754.06
10756.48
10758.74
10760.38
10760.99
10762.01
10762.63
10766.93
10767.36
10769.73
10770.43
10772.87
10773.59
10776.35
10777.65
10779.26
10779.30
10779.33
10779.38
10780.40
10781.72
10782.29
10782.29
10783.31
10783.74
10783.74
10784.40
10785.98
10786.13
10786.39
10786.80
10786.80
10786.96
10787.63
10788.43
10788.46
10788.54
10789.05
10789.05
10789.62
10790.28
10790.96
10791.15
10791.61
10791.77
10795.19
10795.39
10795.45
10795.60
10796.42
10797.40
10798.06
10798.11
10799.40
10800.52
10800.76
10803.52
10803.62
10804.00
10804.11
10804.61
10804.62
10806.87
10806.97
10809.32
10809.60
10809.66
10810.57
10812.60
10813.66
10815.26
10815.26
10817.21
10817.57
10818.74
10819.36
10819.39
10820.79
10821.20
10821.36
10821.37
10822.84
10825.61
10826.12
10831.24
10836.56
10836.62
10837.53
10838.40
10838.49
10839.40
10839.40
10840.25
10842.30
10843.93
10845.20
10846.46
10848.03
10848.03
10848.44
10849.35
10850.51
10851.10
10851.10
10851.42
10852.33
10852.95
10853.43
10853.76
10854.29
10854.33
10855.98
10857.04
10857.20
10858.07
10858.07
10859.39
10859.91
10861.28
10862.16
10865.43
10865.43
10866.87
10867.90
10868.92
10868.92
10869.33
10874.86
10875.20
10875.64
10880.39
10881.45
10882.44
10883.25
10883.42
10885.10
10885.17
10885.44
10886.41
10887.76
10890.94
10891.43
10891.62
10892.06
10894.52
10895.13
10897.53
10898.41
10898.57
10899.61
10899.70
10901.89
10902.64
10903.40
10904.56
10907.22
10909.20
10910.70
10913.40
10918.48
10918.89
10928.96
10929.54
10929.95
10929.95
10931.62
10936.50
10942.95
10943.47
10945.69
10948.16
10948.43
10948.49
10948.95
10950.63
10951.50
10961.21
10963.03
10967.06
10970.91
10975.62
10978.44
10979.92
10982.90
10990.56
10992.41
10993.81
10994.46
10999.00
11000.20
11001.02
11003.88
11010.85
11013.39
11015.97
11016.12
11020.38
11021.39
11021.40
11023.48
11023.65
11023.65
11024.91
11026.21
11026.94
11029.52
11029.90
11031.94
11032.41
11035.63
11036.45
11037.06
11037.08
11037.31
11038.29
11041.41
11042.79
11046.94
11047.50
11048.12
11048.53
11048.94
11048.95
11049.24
11050.02
11050.08
11050.23
11050.28
11051.70
11051.78
11051.82
11051.82
11051.85
11052.01
11052.83
11053.02
11053.29
11053.37
11053.39
11054.06
11054.67
11054.89
11055.19
11055.27
11055.49
11055.90
11056.52
11056.93
11057.01
11057.30
11057.47
11057.95
11058.36
11058.40
11058.61
11058.71
11059.59
11059.66
11059.78
11060.41
11060.71
11060.75
11061.16
11061.23
11061.32
11061.44
11061.55
11062.66
11062.66
11063.19
11063.49
11063.53
11064.09
11064.29
11064.71
11064.76
11064.94
11065.19
11065.22
11065.38
11065.53
11065.94
11065.94
11065.94
11066.55
11066.55
11066.55
11066.55
11066.64
11066.71
11066.85
11067.17
11067.21
11067.39
11067.68
11067.84
11067.85
11067.87
11067.94
11068.00
11068.00
11068.08
11068.21
11068.39
11068.42
11068.48
11068.76
11068.81
11068.90
11069.15
11069.27
11069.47
11069.48
11069.61
11069.72
11069.74
11069.79
11069.83
11069.85
11069.86
11069.89
11069.90
11069.92
11069.94
11069.94
11069.98
11070.18
11070.19
11070.30
11070.32
11070.85
11070.85
11070.85
11070.85
11071.01
11071.18
11071.38
11071.43
11071.53
11071.58
11071.58
11071.68
11071.81
11071.86
11071.91
11071.92
11072.06
11072.08
11072.20
11072.69
11072.69
11072.94
11072.94
11072.96
11073.06
11073.08
11073.18
11073.52
11073.52
11073.66
11073.73
11074.13
11074.13
11074.17
11074.34
11074.41
11074.45
11074.56
11074.95
11074.95
11075.08
11075.21
11075.56
11075.56
11075.65
11075.67
11075.85
11076.18
11076.18
11076.21
11076.34
11076.79
11076.79
11076.84
11076.88
11076.95
11077.07
11077.14
11077.23
11077.61
11077.66
11077.86
11077.91
11077.94
11078.14
11078.63
11078.76
11078.91
11078.95
11078.96
11079.21
11079.21
11079.28
11079.41
11079.55
11079.67
11079.78
11079.80
11079.81
11079.90
11080.58
11080.69
11081.09
11081.09
11081.09
11081.21
11081.33
11081.47
11081.63
11081.70
11081.74
11081.80
11082.38
11082.41
11082.42
11082.48
11082.52
11082.66
11082.70
11082.83
11083.23
11083.30
11083.65
11083.72
11083.88
11083.89
11084.37
11084.39
11084.78
11084.78
11085.16
11085.58
11085.59
11085.70
11085.79
11086.22
11086.23
11086.32
11086.49
11086.65
11086.78
11086.78
11087.15
11087.24
11087.28
11087.37
11087.45
11088.47
11088.61
11088.81
11089.19
11089.34
11089.41
11090.11
11090.47
11090.47
11090.56
11091.21
11091.52
11091.56
11091.65
11091.80
11092.31
11092.77
11093.16
11093.32
11093.41
11094.61
11095.22
11095.41
11095.84
11095.84
11096.45
11096.45
11097.00
11097.89
11098.51
11100.96
11101.05
11101.78
11101.81
11102.39
11102.39
11103.00
11104.86
11105.46
11105.46
11107.12
11107.13
11107.51
11107.51
11109.56
11111.39
11111.39
11112.11
11113.04
11113.45
11114.92
11114.97
11115.34
11115.36
11119.19
11120.30
11120.43
11121.03
11121.94
11124.71
11124.83
11125.12
11126.56
11126.95
11128.17
11129.37
11133.34
11135.16
11136.39
11136.39
11136.39
11137.41
11142.41
11143.15
11144.17
11144.73
11145.59
11145.79
11148.06
11155.77
11162.19
11164.24
11166.70
11168.55
11170.38
11170.81
11171.24
11171.43
11171.80
11171.90
11172.23
11172.34
11173.44
11173.87
11179.62
11180.94
11181.45
11182.94
11185.74
11188.00
11188.93
11190.66
11191.89
11192.05
11194.55
11197.72
11198.65
11199.66
11200.35
11201.72
11202.94
11203.66
11206.50
11206.50
11208.89
11212.57
11213.18
11214.01
11214.42
11214.74
11217.06
11217.90
11218.06
11218.22
11219.46
11219.59
11220.36
11220.69
11222.20
11222.34
11222.47
11223.63
11223.69
11224.25
11224.25
11224.38
11224.66
11224.94
11225.13
11225.48
11225.62
11226.29
11226.74
11226.85
11226.85
11226.85
11227.02
11227.05
11227.09
11227.10
11227.14
11227.35
11227.37
11227.38
11227.41
11227.67
11227.76
11227.85
11228.14
11228.14
11228.70
11228.77
11228.89
11229.02
11229.16
11229.22
11229.29
11229.33
11229.37
11229.55
11229.87
11230.20
11230.20
11231.06
11231.29
11231.37
11231.49
11231.60
11232.03
11232.03
11232.03
11232.03
11232.05
11232.08
11232.10
11232.18
11232.24
11232.47
11233.04
11233.16
11233.27
11233.67
11233.68
11233.85
11233.99
11234.16
11234.69
11234.75
11234.93
11235.05
11236.53
11236.58
11236.69
11236.72
11236.87
11236.91
11237.09
11237.23
11237.28
11237.97
11237.97
11238.15
11238.15
11238.25
11238.79
11238.79
11239.22
11239.61
11239.68
11239.74
11240.22
11240.22
11240.31
11240.84
11240.95
11241.11
11241.20
11241.65
11241.65
11241.89
11241.89
11241.92
11242.01
11242.02
11242.11
11242.11
11242.31
11242.68
11242.76
11242.88
11243.12
11243.20
11243.60
11243.60
11243.77
11243.78
11244.11
11244.25
11244.43
11244.43
11244.65
11244.71
11244.80
11245.14
11245.94
11245.94
11246.14
11246.66
11246.69
11246.84
11247.06
11247.20
11248.08
11248.82
11248.91
11249.23
11249.64
11249.64
11249.64
11249.93
11250.00
11250.59
11250.74
11251.08
11251.76
11251.82
11251.86
11252.11
11252.41
11253.33
11253.33
11253.33
11253.63
11253.65
11255.38
11255.49
11255.93
11256.71
11256.72
11257.15
11258.04
11258.54
11258.56
11259.27
11259.94
11260.20
11260.40
11260.63
11260.86
11261.52
11261.70
11262.95
11262.95
11262.99
11263.33
11263.35
11263.39
11263.51
11265.72
11265.72
11266.01
11266.19
11266.41
11267.05
11267.06
11268.33
11268.40
11269.53
11269.57
11270.12
11271.43
11271.53
11272.37
11272.78
11272.78
11273.19
11274.63
11275.75
11276.98
11277.49
11277.53
11278.72
11279.54
11280.69
11282.50
11283.64
11286.92
11293.26
11293.33
11295.03
11296.13
11296.13
11297.16
11297.26
11298.14
