11298.59
11301.25
11302.27
11304.38
11305.29
11307.39
11311.18
11312.31
11313.87
11315.79
11316.31
11316.76
11318.04
11318.21
11318.41
11318.61
11319.89
11320.37
11320.47
11320.86
11321.58
11322.96
11323.70
11324.19
11325.01
11325.70
11326.29
11327.34
11327.47
11327.52
11330.74
11331.52
11334.84
11335.38
11335.38
11336.48
11338.52
11341.90
11341.90
11345.63
11346.51
11346.51
11347.13
11349.97
11351.65
11354.50
11355.12
11355.18
11359.01
11362.92
11363.01
11363.10
11364.53
11364.57
11365.06
11370.27
11370.88
11371.10
11371.79
11379.76
11383.38
11385.30
11387.27
11387.27
11387.27
11389.38
11390.13
11391.16
11391.43
11391.98
11392.80
11393.63
11393.85
11394.36
11395.74
11397.01
11397.01
11397.01
11399.81
11399.81
11400.58
11404.27
11404.68
11404.68
11405.31
11406.31
11407.72
11408.40
11409.57
11409.57
11409.72
11410.58
11411.37
11411.43
11413.49
11415.12
11415.50
11417.17
11419.14
11419.14
11423.11
11425.37
11425.79
11428.02
11428.49
11428.99
11429.87
11429.88
11430.89
11431.41
11431.44
11431.52
11432.12
11432.12
11432.94
11433.35
11433.79
11433.80
11434.21
11434.21
11434.21
11434.23
11434.78
11434.92
11436.42
11436.42
11436.42
11436.42
11437.03
11437.24
11437.56
11437.73
11437.89
11438.26
11438.26
11438.35
11438.44
11438.45
11439.82
11439.83
11440.00
11440.07
11440.56
11440.62
11440.73
11440.89
11441.33
11441.40
11441.55
11441.60
11441.62
11441.80
11441.88
11442.36
11442.67
11442.73
11442.90
11443.01
11443.39
11443.64
11444.00
11444.11
11444.17
11444.20
11444.25
11444.28
11444.47
11445.02
11445.24
11445.40
11445.41
11445.50
11445.58
11445.61
11446.25
11446.56
11446.56
11446.56
11446.76
11446.82
11446.88
11446.94
11446.96
11446.96
11446.98
11447.04
11447.35
11447.42
11447.42
11447.67
11447.81
11447.85
11448.30
11448.67
11448.69
11448.72
11448.79
11448.83
11448.92
11448.96
11449.30
11449.47
11449.58
11449.63
11449.76
11449.90
11450.03
11450.17
11450.33
11450.43
11450.46
11450.52
11450.54
11450.76
11450.94
11451.00
11451.25
11451.32
11451.46
11451.55
11451.56
11451.68
11451.87
11451.87
11451.89
11451.91
11451.93
11451.96
11452.07
11452.10
11452.44
11452.45
11452.46
11452.61
11452.65
11452.76
11452.83
11452.90
11452.92
11453.17
11453.83
11453.91
11453.92
11454.21
11454.31
11454.35
11454.47
11454.49
11454.57
11455.06
11455.17
11455.48
11455.60
11455.63
11456.20
11456.25
11456.26
11456.28
11456.57
11456.90
11457.16
11457.23
11457.34
11457.41
11457.59
11458.13
11458.54
11458.58
11458.79
11458.86
11459.08
11459.18
11459.35
11459.97
11459.97
11459.97
11459.97
11460.58
11460.81
11460.81
11461.51
11462.02
11462.43
11462.51
11462.84
11462.84
11463.18
11463.20
11463.58
11463.71
11463.71
11463.91
11463.91
11464.03
11464.26
11464.62
11465.57
11465.60
11465.65
11465.91
11466.53
11467.14
11467.14
11467.31
11467.64
11468.37
11468.45
11468.62
11468.69
11469.18
11469.89
11470.42
11470.42
11470.66
11471.09
11471.11
11471.27
11471.85
11472.26
11472.26
11472.67
11472.68
11472.95
11473.35
11473.71
11474.72
11475.95
11476.05
11476.11
11476.56
11477.17
11477.21
11477.77
11478.03
11478.17
11478.30
11478.33
11478.45
11479.02
11479.50
11479.52
11479.60
11479.67
11480.45
11480.87
11481.27
11481.60
11481.73
11481.76
11482.29
11482.30
11482.30
11482.91
11483.18
11483.35
11483.55
11484.14
11484.55
11484.55
11484.68
11484.70
11484.96
11485.23
11486.17
11486.22
11486.59
11486.72
11487.17
11487.24
11487.83
11487.83
11487.83
11488.01
11488.33
11488.57
11488.63
11488.64
11488.71
11491.38
11491.49
11491.65
11492.74
11492.74
11492.75
11493.76
11493.93
11493.98
11494.38
11494.51
11495.17
11495.38
11495.82
11495.92
11496.22
11496.63
11497.04
11497.07
11497.11
11498.47
11498.47
11498.47
11499.37
11499.41
11500.32
11500.93
11500.93
11501.30
11501.75
11501.75
11501.94
11502.00
11502.62
11502.98
11502.98
11503.27
11503.47
11503.59
11503.61
11504.00
11504.04
11504.21
11504.82
11505.26
11505.85
11506.20
11506.66
11506.66
11507.48
11507.89
11508.05
11508.92
11509.06
11510.15
11510.15
11510.41
11510.44
11510.96
11511.57
11511.71
11511.87
11511.97
11512.60
11512.93
11513.10
11513.83
11513.90
11514.01
11514.07
11514.45
11514.54
11514.67
11514.73
11515.06
11515.25
11515.82
11516.36
11516.91
11516.93
11517.93
11518.17
11518.54
11518.92
11518.92
11519.02
11519.19
11519.57
11520.18
11520.33
11520.80
11521.04
11521.41
11521.95
11522.62
11523.01
11524.07
11524.48
11524.77
11525.71
11526.53
11526.53
11526.84
11526.98
11527.12
11527.55
11527.61
11527.74
11528.17
11528.69
11528.78
11528.88
11530.42
11530.53
11531.18
11531.18
11531.25
11531.97
11532.47
11532.88
11533.20
11534.52
11534.52
11536.77
11536.85
11536.93
11537.35
11537.37
11538.00
11538.03
11538.06
11538.23
11538.32
11538.65
11538.65
11538.65
11538.69
11539.39
11539.40
11539.84
11539.84
11539.94
11539.95
11540.08
11540.24
11540.33
11540.48
11540.58
11540.65
11540.86
11540.88
11541.06
11541.08
11541.08
11541.08
11541.11
11541.17
11541.17
11541.30
11541.31
11541.31
11541.35
11541.69
11541.71
11541.73
11541.74
11541.80
11541.84
11541.89
11541.92
11542.08
11542.51
11542.57
11542.57
11542.58
11542.63
11542.66
11542.80
11542.99
11543.01
11543.03
11543.53
11543.53
11543.72
11543.85
11544.00
11544.13
11544.27
11544.30
11544.31
11544.44
11544.58
11544.96
11544.99
11545.14
11545.15
11545.22
11545.42
11545.46
11545.56
11545.59
11545.60
11545.62
11545.74
11545.99
11546.03
11546.04
11546.19
11546.19
11546.32
11546.38
11546.48
11546.49
11546.58
11546.59
11546.64
11546.71
11546.75
11546.85
11547.21
11547.24
11547.24
11547.32
11547.38
11547.49
11547.49
11547.50
11547.59
11547.67
11547.73
11547.75
11547.79
11547.97
11547.97
11548.00
11548.01
11548.18
11548.37
11548.41
11548.45
11548.49
11548.87
11548.87
11548.90
11549.26
11549.28
11549.30
11549.48
11549.77
11549.78
11549.83
11549.83
11550.03
11550.15
11550.17
11550.17
11550.44
11550.53
11550.64
11550.75
11550.78
11551.11
11551.11
11551.19
11551.32
11551.34
11551.34
11551.48
11551.75
11551.77
11551.79
11552.24
11552.68
11552.81
11552.95
11553.09
11553.17
11553.57
11553.62
11553.66
11553.70
11553.88
11553.93
11553.99
11554.00
11554.07
11554.23
11554.25
11554.27
11554.29
11554.39
11554.39
11554.68
11554.68
11554.68
11555.00
11555.08
11555.09
11555.09
11555.26
11555.31
11555.40
11555.72
11555.79
11556.02
11556.02
11556.18
11556.21
11556.31
11556.39
11556.53
11556.71
11556.71
11556.71
11556.84
11556.92
11556.97
11557.05
11557.06
11557.08
11557.31
11557.40
11557.44
11557.56
11557.64
11557.79
11557.98
11558.02
11558.37
11558.55
11558.57
11558.64
11558.64
11558.66
11558.68
11558.84
11559.02
11559.15
11559.28
11559.37
11559.41
11559.44
11559.45
11559.61
11560.12
11560.12
11560.39
11560.39
11560.40
11560.50
11560.52
11560.54
11561.14
11561.56
11562.98
11564.51
11564.71
11565.17
11565.44
11565.48
11565.52
11566.08
11567.08
11567.35
11567.96
11567.99
11568.17
11568.36
11568.56
11570.65
11570.67
11571.64
11572.31
11572.62
11573.13
11573.57
11574.16
11574.26
11574.29
11576.30
11577.06
11577.32
11577.86
11578.00
11578.55
11579.60
11580.46
11580.98
11582.03
11583.36
11583.58
11583.63
11584.69
11584.72
11585.10
11586.33
11586.74
11586.88
11587.15
11588.38
11589.29
11589.83
11590.01
11591.04
11591.86
11591.86
11592.01
11592.28
11593.43
11593.91
11595.20
11596.16
11596.98
11597.36
11598.09
11599.46
11599.57
11600.06
11600.46
11600.46
11600.53
11601.08
11602.37
11602.92
11603.54
11603.60
11603.65
11603.69
11604.15
11606.37
11606.99
11607.16
11608.76
11609.02
11609.47
11609.62
11610.18
11615.62
11617.60
11617.82
11617.95
11620.33
11620.72
11621.15
11623.20
11625.69
11626.06
11626.06
11627.58
11628.93
11629.46
11630.77
11631.62
11631.72
11633.03
11633.03
11633.62
11634.05
11635.36
11638.54
11639.17
11639.17
11639.37
11640.19
11641.94
11642.24
11642.65
11643.27
11643.88
11644.49
11645.11
11645.11
11647.76
11649.79
11651.91
11652.49
11653.43
11653.63
11654.48
11655.35
11655.38
11656.17
11658.83
11658.93
11660.26
11660.88
11661.29
11662.31
11663.34
11664.56
11665.67
11665.88
11669.67
11671.12
11671.94
11672.16
11673.39
11674.39
11674.42
11675.73
11676.65
11677.65
11677.72
11677.73
11678.90
11680.54
11682.44
11685.25
11685.28
11686.07
11686.56
11689.23
11692.42
11693.42
11697.95
11699.18
11699.66
11699.99
11700.82
11702.45
11706.14
11707.98
11710.18
11710.63
11711.05
11711.21
11713.31
11719.37
11721.91
11723.37
11723.66
11723.89
11724.24
11729.29
11729.90
11731.12
11732.42
11734.40
11734.74
11735.73
11737.24
11737.24
11737.68
11737.68
11737.92
11739.15
11739.23
11739.67
11740.33
11740.96
11743.21
11745.54
11746.48
11746.64
11748.12
11748.74
11751.54
11753.04
11754.06
11755.09
11755.50
11755.77
11755.88
11758.16
11758.44
11758.75
11759.69
11760.21
11761.23
11761.23
11761.50
11762.12
11762.66
11762.66
11763.28
11763.51
11764.30
11764.39
11765.56
11766.55
11767.17
11767.22
11767.38
11767.52
11767.69
11768.40
11768.40
11768.57
11769.22
11770.09
11770.11
11770.59
11771.27
11772.51
11773.32
11773.53
11773.71
11773.77
11773.93
11774.06
11775.60
11775.69
11777.00
11779.74
11780.07
11780.69
11780.69
11780.80
11781.57
11781.65
11782.12
11782.94
11782.94
11782.94
11783.37
11783.96
11784.20
11785.53
11785.62
11786.83
11787.74
11787.76
