14971.87
14971.87
14972.48
14972.53
14973.30
14973.31
14973.37
14973.49
14973.49
14974.32
14974.73
14975.16
14975.86
14975.93
14976.58
14976.99
14976.99
14977.03
14977.13
14977.74
14977.76
14977.94
14978.42
14978.58
14978.81
14978.90
14978.93
14978.97
14979.63
14979.67
14979.75
14979.84
14980.38
14980.43
14980.70
14981.90
14982.46
14982.46
14982.57
14982.75
14982.77
14982.94
14983.05
14983.23
14983.85
14984.53
14984.83
14984.86
14985.18
14986.78
14986.80
14986.81
14987.13
14987.17
14987.23
14987.33
14987.51
14988.53
14988.66
14989.07
14989.68
14989.68
14990.71
14990.71
14990.81
14990.81
14991.14
14991.24
14991.53
14991.74
14992.10
14992.10
14992.42
14992.53
14993.17
14993.58
14993.77
14993.80
14994.18
14994.80
14994.80
14995.11
14995.13
14995.28
14995.45
14995.54
14995.76
14995.92
14996.32
14996.37
14996.58
14996.67
14997.06
14997.67
14998.07
14999.31
14999.79
15000.01
15000.46
15000.69
15001.36
15002.03
15002.04
15002.11
15002.65
15003.00
15003.41
15003.56
15003.92
15005.76
15006.48
15006.55
15007.09
15007.15
15010.13
15010.42
15010.59
15011.60
15011.60
15011.68
15013.03
15013.65
15015.90
15019.83
15020.63
15021.02
15021.84
15023.79
15024.15
15025.43
15025.87
15026.04
15026.13
15027.67
15028.10
15030.44
15031.63
15031.70
15031.78
15033.10
15033.53
15034.03
15034.09
15035.70
15036.38
15037.87
15037.91
15038.23
15039.10
15042.11
15043.34
15044.26
15044.34
15044.98
15045.63
15049.69
15049.69
15051.10
15052.56
15053.48
15058.43
15059.73
15064.64
15064.64
15068.74
15069.65
15070.75
15071.00
15072.50
15073.86
15073.95
15075.50
15076.72
15081.37
15084.30
15085.12
15085.53
15085.54
15087.17
15087.33
15093.55
15096.28
15098.23
15106.42
15108.06
15115.02
15116.91
15117.68
15118.07
15118.22
15119.61
15120.96
15121.10
15121.99
15122.37
15123.21
15128.13
15128.52
15128.92
15129.53
15132.84
15133.25
15133.44
15134.48
15135.78
15137.34
15139.30
15141.85
15142.47
15145.20
15145.20
15147.12
15147.53
15147.60
15148.58
15150.55
15151.48
15152.62
15153.52
15156.98
15157.23
15158.03
15160.08
15160.45
15163.97
15167.19
15168.89
15172.16
15172.16
15172.25
15176.46
15180.82
15182.21
15182.26
15188.53
15193.05
15194.78
15196.97
15199.81
15201.86
15203.26
15206.16
15207.08
15211.28
15213.33
15217.22
15221.57
15223.22
15223.79
15225.02
15226.23
15227.02
15228.69
15228.69
15229.91
15230.32
15230.94
15231.00
15231.66
15231.76
15232.58
15233.15
15233.31
15233.71
15235.37
15236.06
15237.02
15238.11
15238.72
15238.83
15239.02
15241.18
15244.02
15245.89
15248.96
15248.96
15249.84
15251.45
15252.03
15253.06
15254.18
15256.03
15259.82
15260.84
15262.08
15262.68
15262.68
15270.26
15271.80
15273.54
15278.13
15280.70
15283.22
15283.51
15283.88
15284.39
15289.33
15290.24
15295.02
15295.09
15299.13
15299.87
15302.82
15308.35
15308.97
15309.27
15309.79
15310.38
15312.04
15312.04
15314.04
15317.77
15320.64
15320.66
15322.69
15324.12
15324.93
15326.99
15328.63
15331.90
15334.05
15334.77
15340.10
15342.70
15343.99
15346.65
15347.52
15352.59
15353.13
15353.82
15355.80
15358.12
15359.09
15364.43
15367.13
15369.34
15370.53
15373.27
15382.08
15383.82
15385.55
15388.03
15393.21
15394.06
15397.21
15397.28
15399.34
15402.97
15410.55
15410.63
15411.16
15414.85
15415.60
15416.69
15416.83
15417.30
15418.54
15418.54
15418.59
15420.79
15425.21
15425.21
15425.21
15425.30
15426.53
15426.83
15427.27
15428.36
15428.36
15430.07
15430.82
15432.36
15434.92
15435.39
15436.15
15437.32
15438.20
15438.20
15438.35
15438.53
15439.35
15441.37
15442.70
15443.21
15443.44
15443.57
15445.16
15446.18
15446.18
15448.04
15448.05
15448.47
15451.10
15451.10
15451.10
15453.02
15453.02
15453.02
15453.02
15454.17
15454.18
15455.02
15456.42
15456.51
15456.64
15457.02
15457.30
15458.27
15458.88
15460.11
15460.34
15460.70
15461.21
15461.21
15461.31
15461.36
15461.46
15461.47
15461.47
15461.63
15461.95
15462.22
15462.36
15462.98
15463.17
15463.32
15463.34
15463.79
15463.97
15464.11
15464.14
15464.21
15464.61
15464.86
15464.92
15465.48
15465.61
15466.18
15466.22
15466.39
15467.02
15467.02
15467.02
15467.20
15467.26
15467.30
15467.59
15468.30
15468.30
15469.27
15469.32
15469.73
15471.04
15472.19
15472.19
15472.21
15472.44
15472.81
15473.10
15473.83
15473.86
15474.85
15474.85
15475.34
15475.50
15475.75
15475.87
15477.52
15477.93
15479.77
15480.49
15480.79
15480.82
15480.89
15481.49
15481.64
15481.75
15481.92
15483.27
15484.02
15484.89
15485.19
15486.12
15488.78
15488.78
15488.92
15490.97
15491.85
15491.85
15492.26
15492.38
15493.34
15495.01
15495.01
15495.01
15495.10
15495.10
15495.10
15497.01
15497.19
15497.19
15497.54
15498.41
15499.01
15500.15
15501.28
15501.39
15502.09
15502.50
15505.36
15506.19
15506.30
15507.01
15507.26
15509.07
15509.45
15511.72
15513.97
15516.84
15518.27
15521.01
15523.60
15524.01
15524.62
15525.03
15527.01
15527.01
15527.63
15527.90
15529.01
15529.44
15529.74
15530.15
15532.20
15533.20
15533.20
15533.49
15534.48
15534.87
15534.91
15537.11
15537.13
15537.93
15537.93
15537.94
15539.20
15539.78
15540.89
15542.03
15543.29
15543.34
15543.90
15543.99
15545.71
15546.12
15547.01
15547.16
15550.02
15550.58
15551.01
15551.46
15552.47
15555.09
15556.57
15556.96
15560.26
15560.26
15560.67
15561.39
15562.10
15567.01
15567.63
15569.39
15570.70
15571.52
15571.53
15572.13
15572.29
15572.75
15575.92
15576.44
15581.26
15581.30
15582.37
15582.99
15583.35
15584.63
15585.30
15588.52
15588.75
15589.75
15589.90
15590.57
15590.57
15591.34
15592.20
15593.06
15593.12
15595.29
15595.47
15598.15
15598.15
15598.76
15598.77
15598.91
15599.58
15600.81
15602.66
15603.04
15603.34
15603.67
15604.90
15606.44
15608.38
15608.38
15608.47
15609.09
15609.77
15609.77
15609.86
15610.39
15612.28
15612.28
15612.48
15613.01
15613.01
15613.17
15616.37
15616.37
15616.37
15616.46
15619.85
15620.76
15623.01
15623.30
15625.02
15625.59
15625.75
15626.64
15626.68
15628.12
15629.42
15631.01
15631.01
15631.09
15631.10
15633.98
15636.44
15636.71
15637.26
15638.01
15638.01
15638.24
15638.37
15638.52
15639.51
15639.89
15640.21
15641.15
15641.15
15641.20
15642.30
15642.80
15644.01
15644.06
15645.06
15645.48
15646.16
15646.89
15648.73
15649.34
15649.40
15649.42
15649.60
15650.41
15651.66
15651.66
15651.84
15653.24
15653.67
15654.46
15654.46
15655.28
15655.28
15655.96
15657.33
15657.51
15657.95
15659.29
15659.30
15659.38
15659.38
15659.76
15659.77
15660.61
15661.94
15663.89
15663.96
15664.49
15666.75
15668.60
15668.60
15669.29
15669.41
15669.58
15670.65
15672.08
15672.08
15673.72
15674.05
15674.25
15675.02
15675.32
15675.97
15677.40
15678.63
15678.63
15678.63
15678.63
15680.27
15682.93
15682.93
15683.25
15684.16
15684.78
15684.81
15685.32
15686.83
15688.05
15688.67
15689.49
15689.53
15691.33
15691.33
15692.00
15692.00
15692.76
15696.01
15697.51
15698.01
15698.12
15699.52
15699.52
15700.15
15703.33
15704.01
15704.47
15706.24
15707.00
15709.36
15709.36
15710.26
15713.45
15714.01
15714.01
15715.89
15717.13
15717.24
15718.34
15720.82
15720.87
15723.28
15723.36
15723.47
15723.89
15725.41
15725.84
15726.96
15727.48
15728.71
15730.00
15734.54
15736.59
15737.29
15738.23
15740.07
15743.41
15743.42
15744.58
15745.50
15747.24
15747.58
15749.08
15749.16
15749.80
15752.36
15752.52
15752.97
15756.86
15757.57
15758.63
15759.34
15761.29
15762.09
15766.40
15766.80
15768.33
15768.74
15769.15
15774.27
15774.89
15775.19
15775.84
15776.11
15778.57
15781.01
15783.13
15783.31
15785.40
15785.55
15785.57
15787.31
15787.58
15793.01
15794.75
15795.17
15795.73
15796.39
15796.46
15797.62
15797.62
15801.96
15802.53
15802.73
15803.44
15803.97
15804.58
15805.10
15807.65
15807.69
15808.42
15809.20
15809.29
15809.44
15809.55
15810.52
15810.59
15811.32
15812.39
15813.01
15813.02
15815.00
15815.20
15816.25
15816.97
15818.51
15818.56
15819.12
15819.28
15819.84
15820.30
15820.43
15821.79
15821.79
15829.16
15829.28
15831.00
15831.34
15831.43
15831.68
15832.64
15833.00
15833.75
15833.80
15837.36
15837.49
15837.55
15838.78
15840.22
15840.24
15840.83
15840.86
15841.65
15842.47
15843.80
15845.40
15845.58
15847.41
15849.11
15849.64
15851.24
15851.27
15851.68
15851.68
15851.77
15851.79
15852.23
15852.71
15853.32
15853.51
15853.58
15853.94
15854.56
15855.18
15855.58
15856.75
15856.80
15857.62
15859.67
15860.93
15861.05
15862.13
15862.95
15864.79
15865.06
15865.82
15867.00
15867.29
15867.37
15867.56
15868.58
15868.84
15868.99
15869.28
15870.94
15873.39
15874.84
15876.06
15879.83
15880.15
15881.37
15882.10
15885.28
15886.91
15889.21
15893.06
15893.52
15895.70
15897.66
15898.28
15900.96
15901.66
15901.70
15901.82
15904.12
15904.52
15907.17
15910.07
15910.88
15912.10
15912.28
15914.14
15914.62
15914.77
15915.18
15915.75
15916.61
15917.02
15917.94
15918.66
15921.53
15923.78
15923.78
15927.67
15929.10
15929.44
15929.94
15931.56
15932.58
15933.60
15933.60
15934.02
15934.82
15934.94
15936.68
15941.39
15941.80
15944.02
15944.46
15944.87
15946.72
15946.72
15948.96
15949.11
15949.58
15949.58
15951.77
15952.45
15952.58
15954.31
15954.70
15956.77
15956.90
15958.59
15959.21
15961.03
15961.18
15961.37
15962.89
15962.89
15966.47
15968.94
15969.44
15969.44
15969.55
15971.29
15973.13
15974.36
15974.67
15974.82
