24354.13
24354.56
24354.93
24355.02
24355.14
24355.38
24355.40
24355.99
24356.30
24356.60
24357.01
24357.01
24357.31
24358.04
24358.34
24358.34
24358.65
24359.42
24360.14
24361.11
24361.14
24361.16
24361.26
24361.34
24361.41
24361.61
24362.24
24363.16
24363.77
24364.59
24364.59
24364.72
24364.86
24365.01
24365.51
24365.53
24367.46
24368.07
24370.32
24370.37
24371.35
24371.76
24372.32
24372.49
24372.99
24372.99
24373.60
24375.04
24375.04
24375.65
24375.65
24375.65
24376.51
24377.96
24379.03
24379.84
24380.56
24381.81
24383.98
24384.02
24384.87
24385.28
24385.35
24386.71
24386.71
24387.17
24388.18
24389.70
24389.78
24389.90
24390.05
24390.81
24390.88
24391.17
24391.29
24391.47
24391.50
24392.24
24392.34
24393.32
24393.88
24394.29
24394.29
24395.11
24395.18
24395.93
24396.95
24397.14
24397.19
24397.28
24397.30
24397.79
24398.28
24399.18
24399.93
24400.09
24400.29
24400.84
24401.03
24401.05
24401.05
24401.48
24402.66
24403.42
24403.63
24403.91
24404.05
24404.15
24404.58
24404.58
24404.58
24404.58
24405.11
24405.21
24405.45
24405.86
24406.01
24406.08
24406.54
24407.37
24407.80
24408.08
24408.74
24408.81
24409.27
24409.52
24409.69
24409.97
24411.69
24411.69
24411.69
24411.69
24412.02
24414.56
24415.16
24415.25
24415.90
24415.96
24416.02
24416.34
24416.81
24417.84
24417.84
24417.88
24418.66
24418.74
24419.68
24420.30
24420.71
24421.04
24421.16
24421.52
24422.91
24423.57
24423.98
24424.29
24425.04
24425.20
24425.83
24426.34
24426.34
24427.16
24427.60
24427.80
24429.29
24429.93
24431.09
24431.10
24431.56
24433.27
24433.28
24434.02
24434.03
24434.15
24434.93
24435.29
24436.10
24436.88
24437.91
24437.91
24438.73
24439.32
24439.44
24439.86
24440.00
24440.02
24440.57
24441.39
24441.53
24441.73
24441.85
24441.86
24442.91
24443.04
24443.22
24443.53
24443.53
24444.05
24444.67
24444.96
24446.10
24446.72
24446.72
24446.95
24447.10
24448.17
24448.56
24448.56
24448.72
24448.92
24449.58
24450.22
24450.25
24450.49
24450.84
24452.24
24452.59
24452.86
24453.23
24453.26
24453.29
24453.36
24453.68
24453.68
24455.10
24455.52
24455.93
24456.66
24456.72
24456.84
24457.75
24457.75
24458.18
24458.18
24458.27
24458.41
24458.80
24459.03
24459.08
24459.13
24459.82
24459.82
24459.99
24461.67
24462.08
24462.08
24462.18
24462.28
24462.61
24463.69
24463.75
24464.53
24464.60
24467.15
24467.61
24467.61
24468.83
24468.85
24468.98
24469.65
24470.06
24470.84
24470.99
24471.20
24472.01
24472.52
24472.61
24473.03
24475.03
24475.03
24475.05
24475.11
24475.20
24476.82
24478.66
24478.82
24479.48
24479.48
24479.68
24479.71
24479.77
24481.01
24481.74
24482.35
24482.35
24482.71
24482.84
24484.19
24484.19
24487.88
24493.82
24494.00
24495.74
24496.28
24496.29
24496.35
24496.84
24496.91
24496.94
24497.71
24497.85
24498.05
24500.37
24500.37
24500.37
24502.22
24502.91
24503.85
24504.57
24504.66
24505.70
24505.70
24507.04
24507.75
24507.91
24508.56
24508.57
24508.70
24508.71
24508.92
24509.38
24509.46
24509.53
24509.60
24509.62
24509.73
24509.90
24510.01
24510.06
24510.16
24510.23
24510.24
24510.27
24510.27
24510.31
24510.67
24511.06
24511.64
24511.65
24511.73
24511.75
24513.00
24513.48
24514.30
24514.30
24514.30
24514.36
24515.03
24515.53
24515.66
24517.03
24517.05
24517.69
24517.69
24517.69
24517.81
24517.92
24519.62
24519.71
24519.77
24520.65
24520.85
24523.09
24523.93
24524.54
24524.54
24524.57
24524.70
24525.04
24525.12
24525.75
24525.75
24525.75
24525.75
24525.84
24525.97
24526.59
24526.59
24526.79
24527.06
24527.82
24527.82
24528.16
24528.37
24529.66
24531.13
24531.92
24531.92
24533.00
24533.04
24533.35
24533.37
24534.13
24534.55
24536.62
24536.62
24536.92
24537.95
24538.07
24538.23
24539.49
24539.49
24540.31
24540.75
24542.15
24542.23
24543.59
24544.00
24544.81
24546.04
24546.63
24547.48
24551.03
24551.57
24552.09
24552.67
24552.70
24553.62
24554.03
24554.64
24557.31
24558.13
24558.54
24558.94
24558.95
24560.48
24560.55
24560.63
24562.66
24564.91
24565.91
24566.03
24572.67
24572.67
24573.05
24578.92
24579.63
24579.83
24580.66
24583.22
24585.07
24585.25
24586.94
24589.26
24591.92
24592.16
24592.53
24596.22
24596.76
24597.03
24597.04
24598.06
24600.66
24601.75
24602.95
24603.80
24608.30
24610.56
24610.71
24611.03
24612.64
24615.27
24616.09
24616.09
24616.49
24617.52
24617.52
24619.77
24622.23
24623.46
24624.48
24625.71
24627.14
24627.25
24627.76
24628.37
24632.47
24633.10
24633.70
24639.02
24639.17
24639.23
24639.35
24639.51
24641.89
24641.89
24642.69
24645.05
24647.83
24648.09
24648.81
24649.67
24649.68
24651.11
24651.12
24653.56
24653.60
24653.67
24654.42
24654.77
24655.46
24656.23
24657.45
24658.27
24659.50
24659.58
24660.62
24661.58
24662.61
24663.19
24664.41
24668.38
24668.82
24669.40
24669.40
24671.79
24672.60
24674.71
24674.89
24675.02
24675.79
24678.69
24679.63
24679.64
24679.72
24681.82
24684.49
24685.51
24687.22
24687.39
24689.61
24691.10
24694.83
24695.15
24702.75
24703.94
24704.02
24706.81
24707.43
24708.45
24711.52
24712.01
24712.82
24712.82
24716.83
24717.26
24718.10
24718.83
24719.71
24719.90
24722.80
24722.96
24724.98
24727.91
24729.46
24735.48
24735.69
24735.84
24742.04
24745.72
24748.18
24748.21
24749.41
24750.02
24750.85
24751.25
24752.13
24752.36
24752.36
24752.55
24752.59
24752.95
24753.92
24753.92
24754.66
24755.76
24756.27
24757.16
24757.33
24757.81
24757.86
24758.80
24759.24
24759.24
24759.80
24759.81
24761.29
24761.38
24761.90
24762.31
24762.63
24762.83
24764.26
24764.38
24765.72
24766.00
24766.41
24766.58
24768.25
24769.88
24769.99
24772.68
24773.03
24773.99
24777.47
24778.29
24779.35
24781.65
24782.38
24782.49
24784.23
24784.35
24785.45
24787.11
24793.64
24794.84
24799.64
24810.23
24810.64
24811.26
24830.71
24831.33
24833.64
24834.81
24836.22
24839.11
24839.11
24839.65
24843.57
24844.23
24844.39
24844.41
24844.52
24844.64
24844.66
24845.18
24846.09
24846.49
24847.02
24847.08
24847.12
24851.44
24852.84
24854.82
24855.07
24855.16
24857.34
24857.75
24859.18
24859.35
24860.00
24861.01
24861.47
24862.68
24863.28
24863.41
24865.74
24865.93
24866.35
24867.37
24868.63
24868.63
24869.45
24872.49
24872.51
24872.71
24874.54
24874.94
24877.20
24878.43
24880.97
24885.60
24887.45
24888.37
24889.29
24890.08
24895.17
24895.18
24896.25
24900.96
24901.37
24904.67
24905.88
24911.61
24923.28
24925.45
24927.75
24927.81
24929.02
24932.71
24933.23
24934.34
24939.09
24945.83
24946.40
24947.04
24948.07
24949.22
24949.22
24951.75
24954.31
24955.03
24957.90
24958.23
24958.37
24959.12
24960.58
24960.65
24963.02
24964.45
24966.29
24967.46
24967.63
24968.50
24968.95
24968.95
24969.06
24973.87
24974.48
24974.48
24974.57
24975.10
24975.51
24975.94
24982.06
24984.26
24985.75
24989.23
24991.28
24991.35
24991.89
24992.53
24994.92
24995.78
24995.89
24996.40
24997.22
24998.64
24999.67
25001.52
25008.04
25015.12
25015.38
25016.26
25016.41
25017.63
25017.83
25019.76
25020.36
25021.18
25021.40
25021.61
25022.00
25022.00
25023.78
25025.27
25025.40
25028.55
25028.96
25031.21
25032.34
25034.29
25034.39
25036.58
25037.97
25038.10
25041.66
25043.97
25047.80
25050.67
25050.67
25053.22
25053.28
25053.74
25054.36
25054.70
25055.18
25055.59
25056.00
25056.39
25056.42
25056.67
25056.75
25057.02
25057.63
25057.63
25057.63
25057.70
25058.75
25059.27
25059.27
25061.52
25062.24
25063.16
25063.98
25064.15
25064.19
25064.61
25064.73
25065.21
25065.83
25066.23
25066.23
25066.65
25066.80
25066.87
25067.87
25068.28
25068.58
25069.10
25069.10
25069.21
25069.72
25070.33
25070.38
25070.80
25071.76
25072.38
25073.20
25073.81
25074.43
25075.03
25075.20
25076.07
25077.29
25077.39
25079.44
25080.98
25080.98
25083.23
25085.67
25087.33
25093.06
25093.40
25094.50
25095.66
25096.34
25100.85
25101.68
25105.64
25107.73
25107.78
25110.88
25115.99
25116.03
25119.56
25120.30
25120.34
25123.07
25126.10
25126.20
25129.11
25132.22
25133.90
25135.25
25135.43
25137.39
25141.79
25143.34
25146.31
25149.77
25150.20
25150.82
25151.64
25154.30
25155.00
25156.97
25159.03
25163.72
25165.77
25169.86
25173.55
25175.39
25176.42
25182.25
25182.36
25183.99
25183.99
25183.99
25184.30
25185.02
25185.21
25187.48
25188.08
25188.50
25188.50
25189.11
25189.52
25189.56
25189.64
25189.84
25190.34
25193.42
25193.57
25195.13
25195.87
25206.11
25206.64
25207.96
25208.26
25208.78
25209.01
25209.89
25211.85
25213.28
25215.00
25215.94
25216.35
25218.16
25218.40
25220.45
25222.91
25225.81
25228.01
25231.30
25241.34
25243.95
25247.64
25255.67
25259.77
25263.09
25263.16
25268.27
25268.58
25270.62
25271.65
25273.17
25273.84
25274.52
25274.52
25274.52
25274.52
25274.63
25275.54
25275.54
25276.15
25276.32
25276.88
25278.86
25279.64
25280.66
25283.12
25283.16
25284.03
25284.22
25285.33
25285.78
25287.42
25287.83
25288.45
25289.88
25290.06
25290.63
25290.89
25290.90
25291.72
25291.72
25291.83
25292.65
25293.36
25293.45
25295.82
25296.23
25296.23
25296.63
25297.00
25297.66
25297.82
25297.89
25297.90
25298.15
25298.16
25298.26
25298.34
25298.36
25299.71
25299.73
25299.76
25301.17
25301.25
25301.80
25302.27
25302.53
25302.80
25303.60
25303.60
25303.69
25304.80
25304.98
25306.02
25306.04
25306.12
25306.21
25306.80
25307.69
25308.71
25310.64
25312.97
25313.84
25314.63
