11790.11
11790.52
11791.21
11792.97
11793.49
11794.61
11796.05
11797.07
11798.09
11798.24
11798.46
11798.52
11798.91
11798.97
11799.43
11799.68
11800.33
11800.33
11800.45
11800.48
11801.17
11801.17
11801.21
11801.39
11801.98
11801.98
11801.99
11803.36
11804.60
11805.74
11805.76
11806.35
11806.60
11807.22
11808.70
11809.36
11810.58
11813.66
11814.33
11815.02
11818.37
11818.37
11818.65
11819.65
11819.67
11819.69
11822.26
11822.99
11826.15
11826.56
11829.42
11829.47
11830.76
11831.68
11832.30
11832.66
11832.68
11833.11
11833.73
11835.98
11837.04
11838.85
11840.38
11841.51
11841.99
11842.54
11843.92
11844.22
11845.63
11848.68
11849.09
11849.50
11850.73
11851.34
11852.11
11852.11
11852.16
11852.78
11853.03
11853.86
11853.86
11855.03
11855.81
11857.28
11857.28
11857.90
11858.67
11859.53
11860.97
11861.11
11861.66
11861.66
11862.46
11862.51
11863.83
11865.05
11866.71
11869.67
11870.39
11870.96
11871.09
11872.23
11872.28
11872.85
11873.59
11874.28
11878.66
11879.63
11881.45
11883.89
11885.54
11887.59
11888.42
11889.43
11889.93
11892.10
11892.66
11893.33
11893.42
11894.35
11895.10
11895.68
11895.70
11896.19
11896.32
11896.93
11897.20
11898.24
11898.71
11898.79
11901.52
11901.59
11903.56
11903.68
11904.18
11904.18
11904.49
11905.41
11905.82
11906.43
11907.05
11907.25
11908.07
11908.13
11908.16
11909.61
11910.32
11910.94
11911.35
11911.48
11912.17
11912.17
11912.58
11912.58
11913.08
11914.22
11915.05
11916.27
11916.51
11916.66
11917.59
11918.31
11919.54
11919.54
11919.54
11921.13
11921.22
11921.87
11923.64
11923.64
11924.46
11924.47
11925.07
11925.38
11925.57
11925.91
11926.91
11928.12
11929.37
11929.78
11933.26
11933.26
11933.67
11937.97
11938.10
11938.29
11938.79
11940.22
11941.47
11943.60
11946.31
11947.80
11954.76
11957.43
11957.77
11958.44
11964.80
11968.53
11971.42
11974.22
11974.63
11976.27
11977.56
11986.29
11986.90
11989.21
11989.79
11993.37
11997.15
11997.25
11999.42
12007.15
12008.01
12009.93
12012.31
12012.39
12014.52
12020.51
12021.04
12021.04
12022.14
12022.55
12022.67
12022.91
12022.93
12023.09
12023.34
12023.38
12023.43
12023.99
12023.99
12023.99
12024.40
12024.40
12024.40
12024.48
12024.58
12025.04
12026.24
12026.86
12026.86
12026.90
12027.01
12027.12
12027.68
12027.68
12028.05
12028.49
12028.49
12028.60
12028.68
12028.80
12029.49
12029.93
12030.75
12030.75
12031.13
12031.29
12031.50
12032.38
12032.38
12033.07
12033.27
12034.03
12034.04
12034.43
12034.43
12034.84
12035.46
12036.06
12036.47
12036.51
12036.57
12037.07
12039.31
12039.51
12039.71
12040.00
12042.21
12042.64
12042.67
12043.37
12044.06
12044.66
12044.91
12045.90
12046.40
12046.91
12048.78
12049.69
12050.00
12050.01
12051.30
12052.05
12052.86
12052.86
12055.01
12055.53
12055.57
12055.63
12055.81
12057.09
12058.19
12058.80
12059.57
12060.34
12061.14
12061.26
12062.90
12064.13
12064.74
12067.64
12067.71
12068.49
12069.05
12069.66
12069.66
12069.78
12070.16
12070.60
12070.89
12071.30
12071.71
12072.34
12072.41
12072.60
12074.16
12074.27
12075.08
12075.25
12076.83
12081.29
12081.54
12081.83
12082.36
12082.42
12082.51
12082.54
12082.77
12083.00
12083.13
12083.22
12083.59
12084.20
12084.20
12084.36
12084.36
12085.63
12086.11
12086.29
12086.66
12087.10
12087.11
12087.15
12087.28
12087.33
12087.51
12088.09
12089.11
12089.21
12089.41
12089.47
12089.73
12090.14
12090.58
12090.71
12090.89
12091.09
12091.09
12091.28
12091.45
12091.54
12091.98
12092.80
12092.80
12093.62
12093.62
12095.21
12095.87
12095.87
12096.70
12097.07
12097.40
12097.92
12098.94
12099.26
12099.55
12099.62
12100.38
12100.91
12101.81
12101.96
12102.69
12104.61
12104.88
12105.23
12105.91
12106.52
12107.14
12109.07
12109.70
12110.41
12115.86
12116.76
12118.00
12118.81
12119.00
12120.04
12121.88
12122.27
12123.11
12127.21
12127.65
12129.31
12129.77
12130.14
12130.19
12131.51
12132.53
12135.60
12135.60
12135.72
12137.65
12140.69
12140.79
12141.54
12142.98
12144.14
12144.82
12145.20
12147.28
12147.89
12147.91
12148.25
12149.53
12149.56
12151.58
12152.83
12153.83
12153.84
12155.88
12156.14
12156.49
12156.76
12157.38
12158.70
12160.18
12162.23
12165.10
12165.10
12166.53
12166.53
12166.73
12166.92
12167.37
12167.67
12171.24
12171.60
12173.31
12174.11
12174.52
12174.93
12174.93
12175.37
12175.98
12176.17
12176.36
12176.38
12176.97
12177.49
12178.41
12178.42
12179.21
12180.89
12182.61
12182.72
12184.76
12185.15
12185.60
12187.07
12188.24
12189.32
12191.57
12191.57
12193.08
12193.97
12195.00
12195.10
12199.71
12200.49
12200.94
12201.96
12202.98
12204.63
12205.30
12209.58
12210.74
12210.85
12210.97
12216.09
12216.70
12224.55
12227.97
12231.30
12232.68
12239.64
12242.51
12246.60
12248.24
12249.88
12254.19
12254.90
12255.61
12257.87
12257.87
12257.98
12260.12
12260.22
12260.36
12260.46
12260.94
12261.24
12261.28
12261.45
12262.37
12262.55
12263.62
12264.83
12265.05
12265.23
12265.39
12265.72
12265.72
12265.80
12265.96
12266.07
12266.88
12267.09
12267.49
12268.11
12268.93
12268.97
12271.25
12271.43
12271.69
12272.00
12272.00
12272.05
12272.14
12272.24
12272.90
12272.90
12273.64
12276.71
12276.89
12278.55
12279.05
12279.99
12279.99
12280.31
12280.31
12280.32
12280.81
12282.24
12282.65
12285.53
12286.72
12287.26
12288.53
12289.14
12289.45
12290.33
12290.59
12294.32
12294.33
12294.43
12299.85
12300.26
12301.19
12301.90
12303.35
12304.98
12307.02
12308.66
12313.78
12319.61
12325.31
12325.71
12327.68
12332.41
12337.54
12337.94
12343.48
12348.18
12348.64
12348.83
12357.60
12357.66
12359.04
12359.04
12361.18
12361.50
12361.95
12362.08
12362.23
12362.41
12364.14
12365.45
12367.03
12367.84
12369.07
12371.74
12371.85
12375.42
12375.73
12376.45
12376.86
12378.90
12379.89
12379.92
12380.24
12380.24
12380.27
12380.76
12380.88
12381.36
12381.37
12381.44
12382.12
12382.18
12382.46
12382.49
12382.62
12382.80
12383.41
12383.41
12383.53
12383.55
12383.94
12384.01
12384.43
12384.43
12384.44
12384.46
12384.53
12384.59
12384.60
12384.78
12384.81
12384.86
12385.46
12385.46
12385.46
12385.70
12385.72
12385.91
12385.95
12385.97
12386.21
12387.10
12387.10
12387.10
12387.21
12387.24
12387.37
12387.89
12387.89
12387.89
12387.90
12388.47
12388.57
12388.63
12388.73
12388.76
12388.81
12388.84
12389.15
12389.55
12389.62
12389.64
12390.14
12390.39
12390.42
12390.51
12390.69
12390.81
12390.97
12391.04
12391.13
12391.15
12391.20
12391.33
12391.43
12391.52
12391.57
12391.66
12391.76
12391.80
12391.96
12391.96
12392.63
12392.63
12393.65
12393.65
12393.65
12394.22
12394.67
12394.73
12394.78
12394.85
12395.02
12395.19
12395.26
12397.48
12397.48
12397.95
12398.06
12398.18
12398.57
12399.14
12400.46
12400.52
12400.55
12400.55
12401.02
12401.02
12401.55
12401.68
12402.42
12403.07
12403.14
12404.91
12404.99
12405.32
12407.59
12409.01
12411.34
12412.90
12413.08
12413.39
12413.93
12414.54
12414.63
12415.37
12416.79
12416.84
12418.02
12419.14
12419.14
12422.32
12422.73
12423.97
12426.01
12426.12
12426.20
12427.53
12429.24
12429.65
12430.52
12430.77
12431.64
12432.73
12435.02
12437.38
12439.36
12441.51
12453.25
12456.18
12457.43
12460.30
12461.23
12461.65
12462.60
12464.51
12465.28
12465.74
12467.49
12469.33
12470.25
12471.34
12473.73
12474.90
12475.57
12476.84
12477.82
12480.28
12480.28
12481.10
12481.51
12483.36
12484.38
12484.95
12486.22
12486.22
12488.38
12489.10
12491.75
12492.37
12492.37
12492.37
12497.13
12497.13
12497.87
12499.53
12499.53
12501.17
12502.64
12503.42
12504.24
12505.68
12505.68
12510.63
12512.64
12523.70
12525.33
12527.18
12529.43
12531.07
12531.48
12532.50
12533.12
12534.18
12534.76
12535.17
12536.60
12537.01
12537.13
12540.49
12542.33
12542.37
12542.74
12544.90
12545.27
12549.90
12551.96
12552.91
12553.80
12555.44
12562.20
12562.20
12562.20
12565.68
12566.71
12570.19
12570.89
12572.44
12574.88
12574.93
12579.17
12579.43
12580.51
12580.56
12580.71
12584.93
12586.81
12595.47
12596.20
12596.61
12599.49
12600.09
12600.09
12600.50
12600.54
12600.62
12601.13
12601.13
12601.73
12602.34
12602.50
12604.18
12604.18
12604.28
12606.64
12607.66
12608.08
12608.08
12608.28
12608.88
12610.21
12610.53
12610.73
12611.15
12611.27
12611.97
12612.23
12612.78
12613.81
12615.93
12617.69
12618.15
12618.93
12618.93
12619.38
12620.36
12620.47
12621.55
12624.05
12625.48
12628.32
12632.85
12633.26
12636.58
12637.53
12639.63
12641.87
12647.30
12647.66
12651.90
12654.77
12656.00
12661.33
12666.65
12669.58
12669.71
12670.14
12676.07
12678.73
12679.14
12686.51
12688.29
12693.07
12694.71
12698.19
12700.53
12703.10
12704.94
12727.27
12727.88
12730.12
12730.55
12730.95
12735.25
12739.65
12742.01
12744.27
12747.66
12751.58
12753.07
12755.96
12756.07
12756.76
12757.32
12757.73
12757.78
12760.85
12761.26
12762.29
12762.58
12762.58
12762.90
12763.70
12764.34
12766.68
12767.20
12768.61
12769.05
12769.60
12770.89
12773.14
12773.76
12780.52
12784.20
12786.25
12788.59
12789.57
12793.50
12803.35
12810.01
12813.36
12820.94
12821.31
12826.19
12826.34
12827.47
12828.85
12828.85
12828.85
12828.87
12829.01
12829.31
12829.70
12830.49
12830.49
12830.90
12831.14
12831.43
12832.53
12833.31
12833.83
12833.90
12833.98
12835.20
12835.29
12837.04
12837.04
12837.65
12837.65
12839.38
12840.32
12841.32
