16660.86
16667.12
16667.12
16668.43
16671.91
16671.91
16671.91
16674.91
16674.91
16674.91
16674.96
16677.92
16677.92
16677.92
16677.92
16677.92
16680.92
16680.92
16680.92
16680.92
16680.92
16680.92
16681.00
16681.00
16683.92
16683.92
16683.92
16683.92
16683.92
16683.92
16683.92
16683.92
16683.92
16684.01
16684.01
16684.01
16684.10
16685.05
16685.05
16686.12
16686.12
16686.12
16686.12
16686.32
16688.12
16688.12
16688.12
16688.12
16688.12
16688.15
16689.31
16689.31
16689.39
16690.12
16690.12
16690.12
16690.12
16692.12
16692.12
16692.12
16692.12
16692.12
16692.16
16693.67
16693.67
16693.67
16693.86
16693.93
16694.07
16694.85
16695.25
16696.78
16696.78
16698.26
16698.26
16698.26
16698.30
16698.36
16700.92
16700.92
16703.93
16703.93
16706.55
16706.72
16707.42
16707.56
16707.61
16709.12
16711.94
16711.94
16712.04
16714.94
16714.94
16714.94
16714.94
16715.16
16715.18
16718.94
16718.94
16718.94
16718.94
16718.94
16721.95
16721.95
16721.95
16721.95
16724.95
16730.95
16730.95
16730.95
16730.95
16737.96
16737.96
16739.94
16742.97
16745.96
16748.97
16755.98
16758.98
16758.98
16761.24
16763.99
16769.37
16772.50
16776.60
16780.45
16783.00
16783.00
16795.01
16795.01
16795.01
16795.01
16795.10
16798.02
16801.02
16801.02
16801.02
16801.02
16801.05
16801.31
16803.74
16803.74
16803.74
16803.87
16803.91
16806.12
16806.12
16809.03
16809.03
16809.03
16809.20
16810.11
16812.12
16812.12
16813.66
16816.66
16818.30
16826.02
16826.02
16827.31
16831.05
16831.05
16831.05
16842.06
16842.06
16842.12
16842.30
16842.48
16845.06
16845.06
16848.07
16848.12
16850.11
16853.07
16856.07
16856.07
16856.07
16856.07
16856.16
16856.22
16859.07
16859.07
16859.39
16861.71
16861.72
16863.48
16863.55
16868.03
16868.03
16869.37
16869.37
16869.37
16871.08
16871.75
16873.11
16879.10
16879.15
16880.91
16883.11
16883.11
16883.11
16883.20
16883.49
16886.10
16886.10
16886.10
16889.10
16889.10
16889.10
16889.17
16892.11
16895.10
16899.11
16899.11
16902.11
16904.59
16904.59
16906.32
16906.32
16906.32
16906.32
16908.57
16909.82
16910.27
16911.80
16911.80
16914.12
16914.12
16914.12
16914.12
16914.30
16914.49
16915.84
16916.01
16916.37
16918.11
16919.62
16921.28
16921.28
16921.28
16921.28
16921.34
16923.03
16923.19
16924.26
16926.33
16928.66
16928.66
16929.59
16930.19
16932.11
16932.37
16935.11
16935.36
16935.79
16938.23
16940.77
16940.96
16941.24
16945.12
16945.12
16945.12
16945.12
16947.23
16948.83
16948.83
16948.83
16952.00
16952.31
16953.79
16955.79
16956.40
16960.09
16961.42
16961.73
16962.55
16966.23
16967.16
16969.27
16971.46
16971.57
16971.61
16972.28
16972.58
16974.02
16974.63
16974.94
16975.45
16977.09
16980.16
16980.26
16980.88
16983.03
16990.09
17001.36
17001.87
17003.82
17003.88
17004.84
17005.45
17007.54
17010.98
17011.09
17012.54
17015.69
17018.87
17022.89
17023.27
17025.83
17026.14
17027.67
17030.03
17030.03
17030.44
17031.26
17032.19
17039.35
17044.18
17046.82
17051.64
17060.34
17061.16
17062.53
17065.05
17065.77
17068.63
17068.63
17071.30
17078.87
17080.21
17080.39
17082.92
17083.38
17085.93
17087.99
17089.03
17089.73
17090.96
17098.37
17099.25
17099.87
17100.39
17101.20
17101.51
17102.13
17103.97
17104.89
17108.88
17112.77
17115.24
17117.49
17119.60
17127.96
17145.64
17148.44
17148.82
17151.07
17157.66
17158.35
17162.33
17164.65
17164.69
17165.50
17167.25
17171.14
17174.10
17175.32
17179.26
17183.53
17185.68
17188.13
17195.30
17195.46
17196.94
17199.22
17201.96
17203.39
17207.18
17219.78
17220.90
17226.43
17229.40
17238.62
17239.10
17239.15
17243.94
17246.09
17247.01
17247.94
17249.37
17250.23
17253.77
17254.13
17255.10
17255.62
17257.15
17257.66
17257.70
17258.27
17259.41
17261.15
17261.76
17263.60
17263.60
17263.80
17265.04
17265.96
17266.30
17267.29
17268.60
17268.73
17269.34
17270.38
17272.92
17274.46
17274.97
17276.61
17277.02
17279.27
17282.34
17286.44
17289.82
17293.06
17300.77
17307.22
17319.09
17330.12
17332.45
17335.45
17335.45
17338.16
17341.08
17344.46
17350.09
17350.09
17350.37
17352.28
17355.48
17355.48
17358.37
17364.52
17368.57
17379.50
17379.50
17379.50
17381.73
17381.73
17384.09
17389.50
17389.50
17389.50
17395.51
17395.51
17395.51
17397.09
17397.10
17400.51
17400.51
17403.37
17403.37
17405.81
17405.81
17405.81
17408.52
17410.09
17412.52
17412.52
17412.52
17412.54
17415.20
17415.33
17416.64
17416.64
17416.89
17418.21
17419.37
17419.37
17419.37
17420.09
17422.09
17422.09
17422.09
17424.53
17427.21
17427.21
17429.54
17432.54
17432.54
17434.09
17439.55
17439.55
17441.09
17446.09
17446.34
17446.54
17448.46
17448.96
17450.97
17451.04
17453.56
17453.73
17456.56
17456.56
17461.57
17464.57
17464.57
17465.96
17468.57
17468.57
17468.57
17469.53
17469.66
17474.96
17474.96
17482.09
17486.02
17489.10
17489.31
17489.50
17490.05
17491.55
17492.97
17493.59
17500.15
17500.15
17506.80
17507.11
17508.03
17511.10
17515.08
17518.18
17521.25
17521.54
17525.40
17525.50
17529.20
17530.05
17531.69
17531.73
17535.65
17537.52
17540.39
17541.27
17544.90
17545.61
17547.05
17547.99
17548.38
17549.71
17551.86
17554.25
17554.93
17556.47
17556.67
17559.03
17563.18
17563.30
17567.53
17569.37
17572.64
17573.98
17576.13
17576.43
17577.77
17578.11
17580.12
17580.63
17581.25
17581.86
17583.50
17583.91
17584.42
17586.68
17586.77
17592.68
17592.68
17592.68
17592.68
17592.68
17600.68
17600.68
17607.69
17607.69
17610.69
17610.69
17610.69
17610.69
17611.91
17619.37
17619.37
17619.37
17619.37
17619.37
17620.41
17622.70
17622.70
17626.08
17626.08
17626.08
17626.36
17628.71
17631.71
17631.71
17631.71
17631.71
17631.71
17634.10
17634.10
17634.10
17634.10
17634.10
17636.72
17636.72
17636.72
17636.72
17638.08
17638.08
17639.13
17641.72
17641.72
17642.18
17644.72
17647.69
17650.08
17652.73
17652.73
17654.21
17656.08
17656.53
17658.08
17658.55
17660.10
17660.10
17662.08
17662.08
17663.08
17663.82
17663.82
17667.21
17669.37
17671.38
17675.61
17675.68
17675.83
17679.76
17679.76
17682.76
17682.76
17682.76
17682.76
17685.08
17685.08
17687.08
17689.77
17689.77
17689.77
17689.77
17692.77
17693.99
17696.77
17699.78
17699.78
17700.27
17701.03
17706.78
17714.96
17717.79
17717.79
17719.37
17719.37
17721.80
17723.08
17727.08
17732.81
17732.81
17732.81
17732.81
17737.08
17737.08
17741.82
17744.40
17746.20
17746.95
17749.02
17751.83
17754.83
17758.84
17758.84
17761.07
17766.84
17769.37
17775.62
17776.63
17778.21
17778.21
17785.40
17787.21
17787.21
17794.24
17797.07
17802.88
17802.88
17805.88
17805.88
17809.07
17809.19
17811.88
17812.01
17817.07
17821.07
17821.07
17824.90
17827.47
17832.07
17832.47
17835.91
17835.91
17836.00
17837.02
17839.08
17839.08
17839.17
17839.17
17842.37
17844.93
17844.93
17847.98
17851.92
17854.97
17857.07
17859.00
17860.70
17860.70
17862.93
17862.93
17863.11
17864.98
17867.94
17867.94
17868.03
17871.94
17871.94
17874.14
17874.14
17874.14
17874.14
17876.95
17877.71
17877.71
17880.95
17880.95
17880.95
17881.21
17883.95
17883.95
17888.96
17888.96
17888.96
17893.62
17896.88
17898.20
17898.20
17898.20
17900.02
17900.23
17902.97
17903.17
17904.56
17906.07
17909.97
17909.97
17912.98
17913.85
17915.19
17915.56
17919.22
17919.49
17924.99
17927.09
17929.06
17939.66
17941.07
17943.75
17943.75
17943.84
17946.41
17946.41
17946.50
17949.01
17951.51
17953.07
17953.33
17956.82
17956.82
17956.82
17956.82
17960.91
17963.20
17963.20
17963.20
17967.07
17967.07
17970.37
17970.88
17972.82
17973.41
17974.56
17976.71
17981.77
17981.96
17983.68
17983.74
17985.01
17985.83
17986.14
17988.70
17989.62
17992.18
17993.51
18000.47
18000.47
18001.70
18001.94
18003.65
18006.10
18006.72
18021.67
18022.37
18024.13
18024.33
18025.33
18025.87
18026.89
18028.73
18030.58
18036.82
18040.51
18044.81
18045.28
18046.35
18046.76
18046.88
18052.90
18053.41
18053.44
18054.64
18056.18
18058.22
18059.76
18063.35
18065.29
18066.93
18067.24
18068.18
18068.32
18070.10
18070.92
18072.30
18075.22
18078.19
18082.70
18084.34
18084.75
18085.77
18089.15
18090.07
18091.50
18099.39
18105.53
18112.31
18112.60
18112.74
18114.44
18120.73
18132.67
18132.86
18133.01
18134.10
18134.41
18135.02
18136.75
18138.51
18141.24
18141.72
18142.91
18149.28
18149.67
18150.67
18150.72
18151.51
18153.88
18153.95
18155.40
18156.94
18157.86
18158.27
18158.99
18162.47
18162.47
18164.31
18164.39
18165.18
18167.08
18168.17
18168.82
18171.17
18173.06
18173.53
18178.52
18181.72
18184.52
18189.09
18189.91
18190.11
18191.14
18191.65
18193.09
18193.22
18196.46
18197.69
18199.02
18201.07
18203.73
18215.02
18217.97
18219.51
18221.14
18225.55
18232.51
18233.84
18242.44
18244.80
18251.66
18259.65
18260.87
18262.41
18264.66
18266.00
18269.28
18271.73
18274.70
18275.42
18276.95
18278.08
18278.80
18279.72
18281.67
18282.69
18283.82
18284.74
18284.81
18285.15
18286.17
18286.17
18291.70
18295.21
18296.11
18296.41
18300.81
18305.32
18307.68
18311.77
18312.28
18313.40
18321.60
18322.83
18325.80
18326.51
18335.32
18336.55
18336.63
18337.11
18337.34
18339.58
18342.38
18342.79
18344.12
18344.82
18345.15
18348.75
18353.65
18353.77
18355.08
18355.59
18356.62
18356.72
18357.89
18362.35
18363.51
18365.73
18367.07
18373.69
18375.56
18378.53
18380.35
18382.22
18393.99
18394.81
18397.17
18398.08
