13492.66
13493.12
13494.27
13494.89
13494.89
13496.42
13498.87
13506.71
13508.61
13516.39
13519.16
13524.02
13526.02
13530.42
13531.96
13537.08
13541.38
13544.86
13547.01
13551.57
13552.03
13553.27
13555.51
13556.94
13558.58
13561.65
13562.16
13564.39
13565.24
13565.81
13565.89
13569.77
13570.76
13571.07
13571.12
13573.15
13573.34
13586.27
13587.25
13589.91
13593.67
13595.04
13597.51
13603.02
13612.86
13614.98
13616.34
13617.15
13623.30
13624.83
13625.56
13629.07
13629.31
13640.29
13642.35
13642.43
13647.77
13649.10
13649.20
13649.82
13650.53
13650.81
13650.83
13660.47
13668.04
13670.50
13675.31
13680.48
13683.81
13689.24
13700.30
13701.66
13701.75
13702.00
13704.53
13705.01
13706.44
13709.39
13709.82
13710.85
13711.16
13712.51
13712.70
13716.58
13716.99
13717.08
13719.86
13722.73
13723.95
13724.36
13724.87
13725.32
13726.76
13727.13
13727.88
13740.13
13740.85
13744.64
13747.10
13748.22
13758.46
13761.23
13761.95
13762.97
13763.04
13764.30
13764.48
13765.36
13766.25
13766.66
13774.74
13776.08
13778.17
13779.33
13780.02
13780.48
13781.09
13781.15
13781.19
13781.36
13781.81
13783.14
13783.45
13785.35
13786.30
13791.95
13794.13
13795.02
13797.99
13798.60
13798.71
13799.30
13799.63
13801.98
13802.90
13803.52
13804.27
13804.55
13805.16
13805.21
13806.80
13806.87
13811.31
13813.11
13813.66
13814.17
13814.34
13814.50
13816.01
13816.07
13816.94
13817.43
13817.90
13818.01
13818.24
13818.70
13819.51
13820.70
13820.71
13821.20
13821.31
13822.57
13823.40
13826.15
13826.22
13826.44
13828.30
13828.32
13828.48
13832.40
13832.81
13832.83
13833.42
13839.25
13840.07
13841.75
13842.43
13842.89
13842.93
13843.66
13845.61
13845.78
13846.94
13849.09
13849.39
13851.85
13852.77
13854.31
13854.82
13855.13
13855.13
13855.64
13859.00
13859.43
13859.84
13861.99
13862.50
13862.53
13864.14
13864.86
13867.42
13870.19
13871.41
13874.28
13874.90
13877.82
13878.37
13880.83
13887.27
13890.66
13893.63
13895.37
13901.64
13904.59
13906.84
13907.71
13908.04
13908.58
13910.94
13912.07
13912.33
13915.13
13930.39
13931.62
13932.24
13932.85
13934.01
13936.23
13937.46
13942.89
13944.22
13955.24
13955.99
13956.91
13960.81
13962.96
13966.29
13969.82
13971.25
13973.47
13975.88
13983.74
13984.13
13989.99
13991.19
13991.34
13993.47
13993.55
13993.90
13997.77
14000.74
14004.94
14006.17
14009.47
14010.88
14011.90
14012.47
14012.70
14013.36
14014.16
14019.79
14019.96
14021.53
14021.61
14024.77
14024.89
14026.75
14028.82
14036.27
14038.53
14041.80
14042.72
14044.26
14046.92
14050.30
14051.22
14052.04
14053.07
14058.27
14059.37
14059.55
14059.66
14061.05
14063.14
14066.28
14067.40
14067.46
14068.84
14069.25
14071.91
14073.55
14075.19
14078.36
14079.38
14080.72
14080.83
14084.20
14085.32
14087.68
14088.70
14089.83
14090.55
14092.39
14095.97
14111.74
14113.07
14115.29
14116.99
14117.23
14118.30
14120.55
14121.27
14122.08
14122.62
14123.42
14124.44
14124.73
14129.46
14131.30
14134.78
14138.94
14139.29
14141.05
14141.95
14143.08
14145.02
14146.25
14147.58
14148.54
14151.89
14155.06
14159.37
14162.84
14163.76
14167.86
14168.26
14168.78
14169.45
14170.93
14172.77
14172.87
14173.93
14175.33
14176.32
14176.87
14177.38
14179.33
14179.51
14182.20
14182.34
14182.52
14182.62
14184.28
14187.21
14189.98
14190.80
14191.10
14193.05
14194.06
14195.20
14197.97
14198.37
14201.04
14202.22
14204.93
14205.00
14205.36
14208.34
14210.25
14211.38
14212.40
14212.61
14212.73
14213.22
14214.35
14214.35
14216.80
14216.88
14219.77
14220.39
14220.90
14221.21
14221.50
14222.72
14223.05
14223.87
14223.98
14224.57
14225.41
14226.10
14226.25
14227.97
14229.19
14229.71
14231.13
14233.39
14234.52
14234.77
14234.86
14237.24
14239.80
14240.66
14241.40
14241.99
14241.99
14242.71
14243.74
14246.19
14247.42
14248.04
14248.55
14248.65
14249.88
14250.01
14252.03
14255.31
14257.89
14258.07
14258.07
14258.07
14259.61
14263.90
14263.90
14263.90
14266.23
14266.38
14268.91
14270.23
14270.23
14270.98
14275.91
14275.91
14281.91
14281.91
14281.91
14281.91
14281.91
14282.12
14282.87
14285.92
14285.92
14285.92
14288.69
14288.69
14288.69
14288.89
14289.67
14289.67
14292.92
14292.92
14292.92
14292.92
14292.92
14292.92
14294.30
14297.79
14300.22
14300.22
14304.97
14304.97
14306.79
14306.79
14308.92
14309.28
14312.15
14317.47
14319.36
14321.95
14324.96
14324.96
14326.22
14328.96
14328.96
14328.96
14329.09
14330.23
14330.23
14330.37
14332.96
14335.97
14335.97
14335.97
14338.97
14338.97
14341.97
14344.98
14344.98
14344.98
14347.98
14350.98
14350.98
14352.76
14355.88
14355.88
14355.88
14356.96
14356.96
14356.96
14360.49
14362.22
14363.48
14364.82
14364.82
14367.99
14369.36
14369.36
14369.62
14372.00
14372.00
14372.00
14374.22
14374.22
14374.22
14377.00
14377.00
14377.00
14377.00
14377.09
14379.22
14382.01
14390.22
14391.91
14394.98
14400.98
14403.66
14405.72
14408.85
14408.87
14412.04
14412.04
14412.04
14412.32
14414.23
14414.28
14415.44
14415.55
14417.79
14422.04
14422.33
14425.05
14425.05
14425.05
14425.05
14426.79
14426.79
14426.88
14430.05
14433.06
14433.06
14433.06
14433.06
14435.23
14435.28
14436.56
14437.89
14437.89
14439.02
14440.22
14440.22
14443.32
14443.32
14443.32
14443.41
14443.41
14445.77
14445.80
14447.11
14454.17
14455.50
14455.69
14456.12
14458.88
14458.91
14460.93
14462.09
14462.33
14462.41
14463.13
14463.41
14465.12
14465.31
14465.36
14465.95
14467.07
14471.21
14471.31
14471.60
14472.14
14472.81
14473.10
14475.98
14475.98
14477.62
14477.70
14480.79
14481.31
14483.57
14485.24
14486.53
14486.90
14486.98
14487.55
14490.73
14490.76
14490.93
14491.11
14492.24
14492.41
14493.70
14493.75
14497.18
14497.20
14497.36
14498.92
14499.33
14500.67
14501.50
14501.51
14501.89
14501.96
14504.21
14504.86
14504.96
14506.92
14506.93
14507.89
14509.78
14512.95
14515.83
14518.54
14522.06
14525.85
14525.85
14528.31
14532.40
14533.33
14535.26
14536.19
14537.22
14537.23
14539.88
14541.62
14542.56
14546.95
14547.35
14548.59
14549.71
14553.19
14554.42
14555.14
14555.19
14557.08
14558.11
14559.24
14560.05
14561.79
14561.85
14562.20
14563.13
14564.25
14565.00
14565.53
14569.36
14569.38
14571.11
14571.59
14572.13
14573.36
14574.53
14575.00
14576.12
14577.56
14578.02
14579.61
14580.94
14580.94
14582.17
14583.70
14589.23
14589.64
14590.46
14590.51
14591.18
14591.34
14597.73
14599.37
14600.91
14603.47
14608.89
14611.45
14613.30
14614.63
14615.24
14617.19
14618.93
14620.37
14621.59
14627.32
14628.04
14628.86
14630.29
14630.88
14633.37
14634.08
14634.28
14635.21
14636.23
14636.32
14637.87
14639.71
14641.66
14644.43
14644.43
14644.47
14644.94
14646.78
14646.84
14649.65
14650.26
14650.98
14651.59
14652.41
14652.52
14652.82
14653.41
14654.97
14655.34
14656.51
14656.70
14658.75
14658.87
14660.91
14661.09
14662.35
14662.47
14663.42
14664.24
14664.80
14665.34
14666.65
14668.90
14668.93
14669.36
14669.41
14669.60
14671.25
14672.18
14672.20
14672.35
14674.84
14675.25
14675.58
14675.96
14676.27
14677.30
14679.89
14681.08
14681.12
14683.87
14685.08
14686.00
14688.97
14690.71
14693.24
14693.97
14694.18
14694.91
14695.24
14696.65
14697.47
14699.41
14701.67
14703.51
14704.12
14705.46
14708.63
14708.69
14710.78
14710.79
14711.59
14712.33
14712.42
14715.08
14717.00
14717.85
14718.36
14718.36
14718.97
14718.99
14719.07
14720.20
14720.66
14721.62
14727.37
14730.82
14731.67
14732.08
14736.07
14737.30
14737.71
14737.86
14737.96
14738.63
14740.89
14740.95
14744.78
14745.90
14749.90
14750.38
14750.82
14751.95
14752.66
14758.60
14761.98
14764.95
14765.26
14765.31
14765.63
14766.69
14767.44
14769.97
14771.54
14771.91
14772.94
14773.96
14775.29
14776.21
14776.21
14778.88
14780.00
14781.13
14782.97
14783.48
14784.41
14785.02
14788.60
14789.01
14789.07
14789.65
14789.85
14790.24
14792.39
14793.11
14793.11
14793.83
14795.46
14796.80
14798.33
14799.36
14800.58
14801.10
14801.10
14801.10
14801.81
14801.92
14801.99
14802.02
14802.53
14802.84
14802.84
14803.02
14804.78
14804.91
14805.60
14807.45
14807.53
14807.66
14808.22
14808.67
14809.15
14809.75
14811.13
14812.78
14815.39
14816.15
14816.35
14817.35
14817.79
14819.22
14820.35
14821.38
14822.30
14823.53
14825.37
14827.01
14828.54
14829.26
14830.59
14830.60
14831.09
14833.25
14834.07
14834.68
14839.60
14840.62
14840.70
14843.00
14847.59
14849.74
14850.35
14850.97
14854.55
14854.94
14856.09
14856.09
14856.39
14857.16
14867.04
14869.70
14870.63
14872.06
14874.42
14874.42
14874.61
14875.23
14876.46
14876.87
14877.66
14879.53
14880.35
14881.28
14882.20
14890.49
14892.74
14895.00
14895.51
14903.09
14904.44
14907.70
14907.86
14911.69
14914.04
14915.48
14917.01
14917.18
14917.34
14920.29
14922.95
14925.21
14933.91
14936.78
14938.72
14945.69
14947.84
14949.78
14952.24
14953.17
14953.29
14955.12
14955.82
14957.05
14958.89
14964.83
14964.99
14966.78
14969.34
14969.72
14972.00
14974.45
14974.87
14981.70
14981.87
14983.37
14988.39
14989.41
14990.23
14991.25
14994.27
14994.63
14994.94
14995.35
14995.86
14995.95
14997.91
14998.63
15000.68
15001.22
15001.80
15002.42
15003.03
15003.57
15004.06
15006.96
15007.64
15009.69
15010.20
15014.06
15014.34
15016.03
15017.88
15019.00
15021.26
15021.45
15025.86
15026.48
15028.12
15028.63
15030.98
15034.87
15036.41
