26881.86
26883.60
26894.63
26895.27
26896.84
26903.47
26907.43
26907.80
26908.07
26908.63
26912.48
26912.48
26912.48
26912.48
26912.48
26917.48
26917.48
26917.48
26923.86
26927.49
26930.50
26930.60
26934.50
26934.53
26940.62
26944.01
26946.51
26951.52
26951.52
26951.52
26958.52
26958.52
26958.62
26958.80
26964.53
26975.60
26978.54
26981.55
26981.55
26981.55
26981.64
26983.01
26987.69
26989.61
26992.04
26992.04
26992.05
26995.56
26995.56
26999.56
27003.01
27005.01
27007.57
27011.57
27011.57
27016.72
27018.15
27018.97
27021.03
27025.22
27027.06
27027.06
27033.02
27033.02
27033.02
27033.11
27036.48
27037.61
27040.58
27042.01
27050.59
27055.61
27059.62
27059.62
27062.78
27067.01
27067.01
27069.03
27069.05
27070.07
27070.07
27071.07
27085.73
27088.09
27089.93
27094.50
27102.51
27102.52
27105.19
27107.65
27110.62
27113.38
27116.25
27118.09
27118.76
27119.91
27121.68
27122.29
27122.80
27123.11
27126.76
27129.56
27135.61
27137.12
27141.44
27141.85
27142.57
27142.65
27146.56
27147.38
27148.20
27148.35
27148.81
27149.32
27150.35
27150.97
27153.54
27163.46
27164.49
27167.56
27169.00
27169.09
27175.54
27177.01
27186.91
27188.13
27188.44
27191.51
27191.66
27192.01
27192.01
27192.01
27193.56
27195.00
27196.46
27196.84
27197.25
27197.76
27197.90
27199.50
27199.50
27200.22
27201.78
27202.26
27202.67
27203.19
27204.21
27204.72
27205.91
27206.46
27206.99
27209.13
27209.53
27209.53
27210.46
27210.63
27212.61
27212.79
27213.14
27213.53
27214.55
27214.86
27215.17
27217.62
27217.62
27218.83
27219.26
27220.08
27220.08
27222.83
27229.20
27232.15
27234.62
27238.31
27241.69
27241.80
27243.53
27245.89
27247.59
27247.93
27249.04
27251.92
27253.26
27253.92
27254.05
27255.91
27260.63
27267.73
27269.78
27273.20
27275.02
27276.61
27278.66
27280.50
27281.96
27281.99
27288.08
27290.94
27290.95
27291.25
27291.86
27298.21
27301.57
27302.78
27303.75
27305.64
27305.73
27311.02
27312.34
27312.34
27312.63
27312.70
27314.97
27314.97
27317.86
27317.86
27317.86
27317.95
27323.00
27325.87
27326.11
27329.65
27330.88
27331.04
27337.74
27338.46
27343.17
27345.04
27346.55
27348.49
27349.62
27351.77
27354.12
27358.01
27361.50
27361.80
27364.47
27364.60
27364.73
27366.82
27367.00
27369.03
27370.40
27377.27
27377.78
27378.08
27379.52
27380.54
27385.12
27388.59
27391.40
27400.71
27403.07
27406.15
27407.07
27409.93
27411.77
27413.00
27415.87
27415.97
27419.04
27419.19
27424.97
27425.06
27425.06
27425.06
27427.19
27427.65
27427.65
27432.97
27440.99
27442.65
27442.65
27450.69
27450.69
27450.69
27452.99
27452.99
27455.09
27463.28
27468.24
27472.01
27475.59
27475.59
27479.71
27482.01
27486.02
27486.02
27490.30
27491.44
27493.08
27493.08
27500.86
27500.93
27501.58
27503.59
27505.26
27506.80
27515.51
27516.69
27519.29
27519.29
27519.29
27520.01
27527.28
27528.10
27528.11
27528.26
27529.94
27534.76
27535.78
27543.87
27543.89
27546.63
27547.34
27548.02
27556.87
27557.18
27557.45
27563.84
27565.05
27568.55
27581.55
27584.93
27594.97
27596.61
27598.04
27601.80
27607.25
27614.23
27617.60
27620.67
27625.79
27628.35
27629.17
27629.22
27638.38
27644.32
27645.04
27649.32
27660.30
27665.42
27678.22
27680.16
27680.75
27686.72
27690.51
27691.53
27692.35
27694.20
27696.45
27698.08
27701.24
27704.64
27706.28
27706.58
27716.21
27724.50
27726.45
27726.68
27729.01
27732.01
27735.41
27738.12
27738.74
27744.58
27746.05
27750.21
27751.13
27751.44
27754.61
27755.22
27755.84
27757.32
27759.22
27759.22
27761.67
27762.39
27762.39
27763.44
27764.64
27767.00
27767.00
27767.70
27768.13
27768.21
27769.25
27771.30
27772.64
27773.45
27774.58
27774.71
27775.70
27777.14
27778.47
27779.39
27779.48
27782.77
27783.90
27786.01
27786.66
27787.27
27787.79
27790.65
27790.74
27791.06
27792.28
27792.80
27795.87
27796.69
27799.05
27801.13
27801.51
27802.02
27803.45
27803.54
27803.72
27810.62
27812.57
27815.43
27820.25
27826.73
27827.52
27827.82
27829.36
27829.77
27832.53
27834.96
27837.70
27839.29
27841.85
27845.33
27847.89
27847.89
27848.38
27850.04
27853.72
27853.94
27855.88
27858.51
27859.33
27860.28
27860.69
27862.33
27871.55
27872.16
27875.03
27875.08
27875.66
27877.77
27879.68
27882.30
27882.49
27885.27
27885.88
27887.73
27887.83
27889.67
27890.39
27890.42
27890.62
27891.31
27891.93
27891.93
27892.54
27893.47
27894.04
27894.20
27894.30
27894.90
27894.90
27895.08
27895.82
27896.11
27896.11
27896.53
27897.05
27897.35
27897.66
27898.24
27898.58
27899.30
27899.71
27900.19
27900.34
27900.43
27900.67
27901.35
27901.35
27901.47
27901.96
27902.10
27902.37
27902.78
27902.87
27902.97
27903.01
27903.39
27903.87
27904.03
27904.20
27904.24
27904.93
27904.96
27905.44
27905.75
27907.18
27907.32
27907.70
27908.24
27909.23
27910.26
27910.29
27910.77
27911.28
27911.79
27912.82
27912.93
27914.35
27916.55
27916.59
27916.80
27917.68
27917.73
27919.45
27919.62
27920.62
27921.42
27922.85
27923.46
27923.87
27924.39
27924.90
27925.62
27927.56
27928.60
27929.71
27930.04
27931.66
27932.48
27935.14
27936.06
27936.17
27936.22
27937.08
27940.16
27940.87
27943.54
27947.63
27949.68
27951.01
27953.57
27953.97
27956.39
27956.95
27958.79
27959.82
27960.53
27960.84
27960.90
27962.17
27962.27
27962.97
27964.70
27965.24
27968.21
27971.50
27974.55
27975.56
27975.97
27976.51
27977.07
27978.05
27978.56
27982.97
27983.06
27984.94
27985.60
27987.55
27987.55
27987.64
27989.34
27990.64
27994.33
27994.33
27996.78
27999.22
28003.90
28004.48
28009.31
28009.31
28009.31
28009.67
28010.38
28013.99
28014.60
28016.31
28016.31
28019.31
28019.31
28019.31
28019.31
28020.06
28025.42
28027.20
28029.55
28037.09
28040.31
28040.31
28040.31
28044.65
28044.72
28047.37
28049.95
28049.95
28054.42
28057.32
28057.32
28057.47
28058.03
28059.25
28061.09
28068.35
28068.54
28072.32
28072.32
28073.09
28073.09
28073.09
28074.97
28074.97
28077.07
28077.07
28077.07
28077.07
28080.32
28080.38
28081.13
28082.27
28082.27
28083.36
28086.33
28086.33
28086.33
28086.33
28089.33
28089.33
28090.23
28092.63
28092.63
28092.63
28092.63
28092.63
28093.96
28097.96
28098.54
28099.70
28100.53
28103.32
28103.69
28104.51
28105.63
28107.99
28108.91
28109.02
28113.42
28113.42
28116.69
28117.10
28117.21
28118.02
28118.84
28121.92
28121.92
28123.76
28124.78
28125.70
28126.61
28130.00
28130.14
28130.21
28130.93
28131.54
28132.16
28132.98
28132.98
28133.59
28133.77
28134.23
28135.50
28136.00
28136.76
28137.79
28138.30
28138.30
28138.49
28140.55
28140.67
28140.72
28140.85
28141.01
28141.05
28141.47
28141.47
28142.09
28142.09
28142.40
28142.70
28142.74
28143.21
28143.27
28143.43
28143.53
28144.03
28144.85
28145.15
28146.39
28147.02
28147.31
28150.36
28151.92
28152.59
28153.15
28155.96
28156.07
28160.35
28161.54
28161.85
28164.00
28164.82
28165.23
28165.26
28165.84
28173.58
28177.42
28178.24
28178.24
28178.54
28178.60
28178.68
28179.05
28179.05
28179.21
28179.57
28179.98
28180.01
28180.28
28180.39
28181.00
28181.05
28181.05
28182.74
28183.46
28184.07
28184.20
28184.24
28185.30
28185.37
28185.42
28186.32
28188.48
28188.57
28188.58
28189.87
28189.93
28190.32
28190.83
28190.85
28191.00
28191.17
28192.02
28193.29
28194.72
28194.72
28194.88
28194.90
28195.19
28195.54
28196.67
28199.02
28200.46
28201.89
28202.18
28202.91
28203.09
28203.29
28206.22
28208.40
28210.70
28211.51
28213.46
28215.06
28215.82
28216.94
28219.49
28224.68
28224.85
28225.13
28226.72
28229.13
28230.46
28231.28
28231.44
28231.79
28233.33
28233.94
28235.99
28236.82
28237.22
28238.34
28238.34
28238.48
28238.75
28238.81
28239.01
28239.22
28239.32
28239.51
28239.60
28239.76
28239.94
28240.14
28240.17
28240.19
28240.37
28240.80
28240.84
28241.21
28241.21
28241.72
28241.72
28241.72
28241.88
28241.90
28242.09
28242.34
28242.45
28242.52
28242.52
28242.54
28242.70
28242.83
28242.88
28242.96
28243.15
28243.23
28243.27
28243.28
28243.29
28243.31
28243.45
28243.46
28243.58
28243.62
28243.65
28243.76
28243.83
28244.18
28244.24
28244.43
28244.47
28244.90
28245.20
28245.20
28245.23
28245.25
28245.30
28245.42
28245.72
28245.77
28245.77
28246.33
28246.95
28246.95
28246.95
28247.01
28247.35
28247.36
28247.50
28247.76
28248.17
28248.17
28248.58
28248.58
28249.37
28249.41
28249.44
28249.55
28249.93
28250.63
28250.65
28250.70
28251.05
28251.05
28251.45
28251.56
28251.72
28251.96
28252.05
28252.47
28254.19
28254.19
28254.30
28255.02
28256.37
28256.37
28256.88
28257.10
28257.39
28257.90
28258.62
28259.32
28259.50
28259.63
28260.36
28261.30
28261.79
28261.87
28262.82
28263.64
28264.15
28264.26
28264.35
28265.79
28266.18
28267.73
28268.04
28268.86
28269.93
28270.29
28270.38
28271.83
28272.34
28272.85
28273.16
28273.77
28274.18
28274.36
28278.38
28278.59
28279.97
28280.43
28280.43
28280.74
28281.66
28282.68
28283.71
28284.32
28284.83
28287.19
28287.19
28287.19
28287.50
28287.82
28289.13
28289.13
28289.29
28291.18
28292.21
28293.33
28295.28
28295.59
28295.94
28296.92
28298.55
28299.58
28302.65
28302.83
28304.15
28304.99
28305.10
28308.18
28309.61
28311.25
28311.33
28311.76
28312.46
28312.62
28314.22
28315.55
28317.13
28318.83
28319.14
28320.37
28320.98
28321.49
28321.74
28322.67
28323.03
28323.10
28323.54
28324.97
28325.59
28326.41
28326.50
28327.74
28327.77
28330.09
28330.71
28332.35
