20409.59
20414.94
20416.45
20416.62
20417.12
20418.18
20421.26
20421.78
20422.90
20423.07
20423.63
20424.02
20424.75
20427.61
20429.31
20430.05
20431.18
20432.63
20432.94
20432.98
20433.24
20433.88
20436.42
20436.42
20436.55
20437.44
20443.12
20444.41
20449.01
20449.94
20452.39
20453.52
20453.70
20455.98
20458.29
20459.56
20460.48
20461.81
20462.16
20462.29
20466.73
20468.98
20469.90
20474.11
20475.64
20477.69
20477.69
20477.86
20480.33
20480.85
20482.40
20482.43
20482.74
20483.17
20484.20
20488.03
20488.91
20489.25
20494.58
20494.60
20494.60
20495.72
20496.83
20497.13
20497.55
20497.86
20498.26
20500.01
20501.03
20502.16
20502.16
20505.75
20509.27
20515.15
20516.90
20517.44
20518.34
20519.37
20521.62
20522.13
20525.92
20527.45
20529.81
20531.04
20532.30
20534.30
20536.53
20536.53
20536.57
20536.98
20536.98
20537.88
20537.89
20538.06
20538.95
20539.29
20539.92
20539.95
20540.11
20540.20
20540.40
20541.17
20541.18
20541.18
20541.30
20541.31
20541.31
20541.35
20541.41
20542.63
20542.63
20542.63
20542.63
20542.64
20542.64
20542.64
20542.72
20542.74
20542.89
20543.73
20543.91
20544.33
20545.58
20545.58
20545.58
20545.58
20545.58
20545.58
20545.66
20545.79
20545.82
20545.85
20546.05
20546.30
20546.43
20546.58
20546.60
20546.65
20546.73
20548.30
20548.30
20548.30
20548.30
20548.30
20548.48
20549.16
20549.16
20549.16
20549.41
20549.51
20549.60
20549.68
20549.72
20549.74
20549.79
20549.89
20549.91
20551.52
20551.52
20551.52
20551.56
20551.63
20551.75
20551.77
20552.44
20552.44
20552.44
20552.61
20553.30
20553.30
20553.30
20553.33
20553.42
20554.39
20554.39
20556.38
20556.84
20556.93
20557.40
20557.97
20558.16
20558.28
20558.48
20558.79
20559.20
20559.26
20560.12
20560.84
20560.97
20561.31
20561.44
20561.76
20562.07
20562.33
20562.99
20562.99
20562.99
20563.08
20563.42
20563.81
20563.91
20564.73
20564.83
20565.03
20565.55
20565.68
20565.83
20565.91
20566.03
20566.16
20566.19
20566.23
20566.78
20567.08
20567.93
20568.33
20568.45
20569.23
20569.64
20569.70
20569.78
20569.96
20570.02
20570.05
20570.36
20570.36
20570.87
20571.02
20571.03
20571.49
20571.49
20571.52
20572.00
20572.00
20572.09
20572.82
20573.12
20573.30
20573.35
20573.49
20573.56
20573.84
20574.55
20574.70
20574.76
20574.81
20575.17
20575.18
20575.45
20575.50
20575.63
20575.70
20576.30
20576.81
20576.85
20576.98
20577.08
20577.25
20577.26
20577.63
20577.70
20578.15
20579.27
20579.68
20579.68
20580.09
20581.01
20581.15
20581.66
20581.68
20581.78
20582.39
20583.06
20583.36
20583.36
20584.69
20584.70
20584.75
20584.85
20585.57
20586.34
20586.38
20586.74
20586.80
20587.15
20587.47
20587.97
20589.40
20589.40
20590.96
20591.45
20591.52
20592.27
20592.68
20592.68
20592.90
20593.81
20594.53
20594.93
20595.34
20595.96
20596.88
20597.39
20598.11
20598.67
20598.77
20599.64
20599.95
20600.26
20601.38
20602.14
20603.45
20603.63
20603.83
20604.25
20604.25
20604.31
20604.33
20605.07
20605.07
20605.38
20606.30
20607.43
20609.99
20611.39
20611.46
20611.83
20611.97
20612.75
20613.06
20614.29
20615.82
20618.08
20620.12
20623.50
20624.12
20628.93
20631.72
20632.82
20634.46
20636.51
20637.02
20638.35
20641.58
20641.90
20642.45
20642.59
20643.27
20644.29
20645.01
20646.34
20648.39
20648.46
20649.41
20649.82
20652.07
20652.77
20653.29
20656.59
20657.71
20658.00
20659.14
20659.85
20659.97
20660.68
20661.19
20661.38
20664.31
20665.08
20666.87
20668.35
20671.32
20671.94
20673.88
20674.29
20675.52
20675.53
20676.96
20677.77
20679.41
20680.44
20682.59
20683.00
20684.02
20684.57
20686.17
20686.71
20687.20
20687.60
20688.64
20689.96
20690.78
20691.29
20691.41
20691.46
20693.30
20693.75
20696.31
20697.95
20698.29
20699.69
20700.31
20702.76
20704.50
20711.19
20711.23
20711.39
20711.67
20713.20
20713.37
20714.51
20714.59
20715.05
20715.09
20716.69
20717.20
20718.48
20718.51
20718.84
20719.14
20720.48
20725.39
20726.41
20726.82
20727.57
20727.95
20729.73
20730.41
20730.82
20732.05
20732.56
20734.09
20734.50
20734.66
20735.63
20737.27
20737.56
20737.99
20739.01
20741.06
20741.86
20743.31
20743.31
20744.33
20744.85
20744.88
20744.99
20746.89
20746.92
20751.89
20753.24
20753.55
20753.63
20753.64
20753.96
20754.37
20755.28
20756.08
20756.52
20756.68
20759.18
20760.41
20761.95
20763.07
20764.81
20764.99
20765.15
20765.19
20765.21
20765.25
20766.42
20766.86
20769.93
20769.93
20770.86
20770.89
20771.68
20771.78
20772.19
20773.62
20774.13
20774.33
20775.67
20775.80
20776.31
20776.33
20777.72
20777.77
20777.96
20778.33
20778.33
20779.05
20779.11
20779.66
20780.38
20780.54
20781.20
20782.12
20782.43
20782.84
20783.25
20783.31
20784.07
20784.58
20786.22
20787.02
20787.55
20787.85
20788.01
20789.08
20789.34
20789.42
20789.62
20790.82
20791.13
20791.35
20795.23
20795.64
20795.84
20795.97
20798.30
20800.86
20801.58
20802.50
20804.34
20805.47
20805.98
20806.29
20806.59
20806.59
20806.76
20806.87
20807.41
20807.44
20807.58
20807.77
20808.13
20808.85
20809.04
20809.67
20809.67
20809.70
20813.97
20815.00
20816.22
20817.04
20817.16
20817.22
20821.65
20822.77
20822.96
20823.58
20823.73
20825.03
20825.84
20825.96
20826.07
20826.21
20829.43
20829.51
20829.84
20831.89
20834.58
20835.87
20836.39
20840.90
20841.31
20841.51
20842.23
20847.44
20850.83
20851.55
20851.96
20852.01
20852.88
20854.30
20855.03
20858.19
20860.97
20862.23
20862.50
20865.58
20871.51
20880.40
20881.14
20882.37
20890.80
20895.17
20897.93
20903.26
20904.38
20906.13
20910.53
20911.04
20916.16
20916.36
20918.00
20919.74
20919.92
20923.12
20924.56
20926.20
20926.61
20926.61
20926.91
20927.06
20929.98
20932.03
20933.16
20933.57
20933.57
20934.60
20935.52
20935.82
20935.96
20938.42
20938.95
20942.41
20943.60
20946.20
20949.96
20952.82
20954.36
20957.63
20958.10
20961.93
20962.25
20962.42
20964.49
20964.57
20964.77
20966.64
20968.37
20969.31
20970.13
20970.95
20974.63
20977.09
20978.22
20984.36
20989.38
20992.76
20997.26
20997.41
21000.12
21002.59
21005.87
21011.11
21011.80
21016.11
21016.63
21017.95
21021.74
21022.35
21028.50
21028.91
21029.06
21029.67
21031.57
21032.28
21033.21
21035.24
21035.24
21038.53
21038.94
21039.32
21040.58
21041.50
21041.50
21041.71
21041.75
21043.34
21043.65
21043.67
21044.57
21044.98
21045.17
21049.49
21051.33
21056.30
21057.47
21059.93
21059.96
21062.70
21066.59
21067.51
21069.57
21070.18
21076.83
21079.80
21083.59
21084.30
21084.30
21085.01
21085.13
21085.15
21087.58
21089.01
21094.23
21098.23
21104.27
21104.88
21106.01
21112.26
21112.33
21112.56
21113.25
21114.32
21116.25
21120.24
21120.31
21122.80
21123.52
21123.62
21124.03
21124.05
21125.16
21126.45
21129.46
21135.30
21135.43
21136.83
21136.87
21138.04
21139.29
21141.70
21142.39
21142.78
21143.55
21146.56
21148.34
21148.40
21149.84
21149.89
21153.73
21153.83
21154.65
21155.88
21158.11
21159.67
21159.76
21161.20
21162.02
21162.43
21163.66
21164.99
21166.53
21168.78
21169.20
21172.39
21172.88
21173.90
21173.90
21175.13
21175.13
21176.41
21176.56
21176.97
21177.79
21178.10
21178.12
21178.92
21181.14
21182.50
21186.50
21187.31
21187.32
21187.40
21189.57
21190.49
21191.31
21191.31
21191.49
21191.82
21192.64
21193.25
21194.69
21194.99
21194.99
21196.12
21197.76
21197.83
21198.52
21199.91
21200.63
21200.63
21200.81
21202.37
21202.49
21203.93
21204.42
21209.43
21211.04
21211.89
21214.18
21214.66
21217.15
21217.52
21219.78
21220.08
21220.08
21222.13
21223.56
21226.43
21227.25
21230.94
21235.75
21236.26
21238.62
21238.92
21239.11
21239.16
21240.56
21240.56
21240.77
21240.92
21242.10
21243.22
21247.88
21248.34
21250.90
21251.28
21252.44
21253.16
21255.21
21255.34
21257.77
21261.35
21264.44
21269.75
21270.87
21282.42
21282.96
21288.38
21294.32
21298.11
21304.99
21306.10
21306.61
21308.25
21313.15
21313.33
21313.36
21313.78
21315.42
21318.18
21325.96
21327.91
21337.12
21339.38
21340.48
21343.06
21344.15
21346.55
21353.10
21356.07
21357.31
21358.53
21361.86
21362.11
21364.06
21364.07
21364.77
21365.59
21366.52
21366.58
21367.44
21368.36
21368.87
21369.57
21369.75
21370.50
21372.10
21372.18
21372.56
21373.84
21374.40
21374.56
21375.22
21375.24
21375.83
21376.61
21377.78
21378.53
21379.11
21379.62
21380.24
21381.98
21382.49
21383.82
21383.94
21383.96
21386.84
21388.22
21389.45
21390.27
21390.39
21391.50
21392.01
21393.34
21394.47
21398.00
21398.46
21398.97
21401.94
21403.07
21403.99
21408.45
21408.87
21409.09
21409.27
21412.29
21416.79
21417.51
21420.27
21422.12
21426.62
21426.67
21428.20
21430.43
21430.88
21433.45
21434.10
21434.11
21434.40
21437.55
21441.88
21442.80
21447.27
21447.76
21449.82
21451.72
21452.43
21453.73
21459.27
21459.27
21459.36
21459.89
21467.72
21467.90
21467.90
21468.96
21471.12
21471.21
21471.29
21472.80
21473.62
21473.69
21477.62
21479.05
21482.23
21482.41
21483.87
21486.73
21486.73
21487.25
21488.17
21490.01
21491.55
21492.37
21493.26
21494.21
21495.34
21498.00
21498.68
21500.35
21500.96
21501.78
21504.14
21504.16
21504.55
21507.21
21509.57
21510.49
21517.35
21520.52
21523.90
21524.62
21525.28
21525.74
21526.15
21528.82
21529.17
21530.86
21533.32
21534.14
21534.30
21535.88
21536.39
21538.95
21539.55
21540.29
21541.31
21546.53
21550.22
21551.96
21552.11
21553.50
21554.31
21556.67
