22792.68
22792.77
22792.87
22792.88
22792.91
22792.99
22793.45
22793.57
22793.65
22793.65
22793.88
22794.37
22794.37
22794.88
22795.50
22795.91
22795.91
22796.06
22796.17
22796.42
22796.73
22796.73
22796.86
22797.39
22797.55
22797.88
22797.89
22797.99
22798.47
22799.01
22799.23
22799.23
22799.48
22799.53
22799.63
22800.31
22800.31
22800.82
22800.86
22801.06
22801.44
22801.97
22802.12
22802.13
22802.67
22802.67
22803.03
22803.49
22803.49
22803.62
22803.66
22803.82
22803.90
22803.99
22803.99
22804.11
22804.25
22804.61
22804.63
22804.67
22804.67
22804.85
22805.33
22805.33
22805.34
22805.41
22805.42
22806.07
22806.08
22806.08
22806.46
22806.46
22806.46
22806.46
22806.52
22806.97
22807.10
22807.22
22807.26
22807.27
22807.47
22807.97
22808.02
22808.22
22808.42
22808.81
22808.92
22809.63
22809.63
22809.69
22809.78
22809.79
22809.91
22809.97
22810.02
22810.26
22810.32
22810.86
22810.86
22810.86
22810.92
22811.37
22811.50
22811.57
22812.08
22812.11
22812.15
22812.19
22812.29
22812.60
22812.61
22812.70
22813.08
22813.24
22813.73
22813.73
22813.78
22813.80
22814.20
22814.21
22814.42
22814.70
22814.82
22815.67
22815.67
22815.81
22816.29
22816.36
22816.39
22816.50
22816.56
22816.56
22816.60
22817.00
22817.11
22817.41
22818.13
22818.23
22818.33
22818.73
22818.73
22818.73
22818.79
22818.92
22818.99
22819.09
22820.39
22820.69
22820.71
22820.82
22821.05
22821.35
22822.23
22822.98
22823.14
22823.56
22823.64
22823.70
22823.84
22824.79
22824.79
22825.05
22825.06
22825.50
22825.50
22825.81
22825.87
22825.95
22826.32
22826.47
22826.47
22826.78
22826.86
22827.86
22828.05
22828.21
22828.98
22829.70
22829.75
22829.91
22830.31
22830.84
22830.84
22830.84
22831.54
22832.08
22832.47
22832.47
22833.18
22833.69
22834.31
22834.33
22834.72
22835.74
22836.05
22836.77
22837.38
22837.79
22838.10
22838.95
22839.22
22839.74
22840.35
22840.35
22841.95
22842.04
22843.83
22844.97
22845.12
22845.21
22845.78
22846.29
22846.90
22847.21
22848.54
22848.95
22849.20
22849.87
22850.28
22850.35
22851.00
22851.31
22852.23
22852.84
22852.96
22852.96
22853.17
22853.21
22853.51
22853.60
22854.48
22854.62
22854.73
22854.87
22855.03
22855.51
22855.65
22856.20
22856.21
22857.59
22858.53
22859.15
22859.70
22860.22
22860.63
22861.75
22863.08
22863.32
22864.31
22864.82
22867.18
22867.18
22867.18
22867.69
22868.51
22868.82
22868.82
22869.20
22869.20
22869.64
22869.71
22869.74
22870.25
22871.48
22872.50
22872.52
22872.81
22872.85
22873.32
22873.45
22874.35
22874.35
22875.17
22875.69
22876.50
22877.11
22877.93
22878.05
22880.32
22881.42
22881.76
22882.13
22882.32
22882.74
22884.28
22884.69
22887.25
22887.66
22887.88
22888.68
22889.09
22889.60
22889.89
22889.99
22890.53
22892.47
22892.47
22892.78
22893.53
22893.94
22893.98
22894.15
22894.62
22894.78
22894.79
22895.65
22895.83
22895.84
22895.93
22896.36
22897.28
22897.42
22898.31
22898.62
22898.92
22899.15
22899.95
22900.56
22901.69
22901.69
22902.52
22903.84
22903.91
22905.19
22905.89
22905.91
22905.96
22906.50
22906.81
22908.04
22908.96
22909.58
22909.66
22909.82
22909.96
22911.32
22911.32
22912.03
22912.54
22912.95
22913.02
22913.98
22914.02
22914.59
22915.10
22915.17
22916.40
22916.54
22918.49
22919.00
22919.00
22920.19
22920.47
22922.78
22923.29
22923.43
22924.72
22924.85
22925.96
22926.39
22926.65
22927.39
22928.41
22928.93
22929.25
22929.48
22931.69
22932.10
22932.22
22933.53
22933.56
22933.62
22933.94
22934.66
22935.20
22935.68
22935.68
22940.19
22940.34
22940.45
22941.06
22942.14
22942.16
22942.22
22942.75
22942.87
22943.02
22943.19
22943.25
22943.67
22943.69
22943.85
22943.97
22944.59
22944.66
22944.82
22945.27
22945.62
22948.89
22948.90
22949.41
22950.22
22951.04
22951.35
22952.99
22954.22
22954.24
22955.55
22955.73
22956.16
22956.24
22956.78
22956.92
22957.09
22957.80
22957.89
22957.95
22959.03
22959.24
22959.55
22961.08
22961.79
22961.92
22962.82
22962.95
22963.10
22965.55
22965.60
22966.81
22968.14
22970.19
22970.70
22971.11
22974.29
22975.31
22979.61
22982.89
22984.63
22985.03
22986.27
22986.36
22987.38
22987.50
22987.67
22987.87
22988.21
22988.35
22988.99
22989.18
22989.76
22990.21
22991.05
22991.80
22992.11
22992.72
22994.46
22994.77
22995.69
22995.88
22997.33
22998.45
23000.26
23000.50
23001.01
23001.17
23001.17
23001.83
23001.83
23001.95
23004.60
23004.74
23005.83
23009.40
23010.29
23010.75
23011.46
23012.38
23012.42
23012.69
23012.96
23013.93
23015.22
23015.27
23016.08
23016.21
23016.26
23017.71
23017.74
23018.22
23019.24
23020.06
23020.88
23020.97
23021.49
23021.60
23021.90
23022.52
23022.83
23023.34
23023.47
23024.63
23024.78
23026.61
23028.36
23029.58
23030.61
23031.02
23031.63
23031.94
23032.17
23033.18
23034.50
23034.51
23035.01
23035.93
23036.34
23036.65
23036.73
23037.88
23040.13
23042.18
23042.27
23042.48
23043.20
23044.23
23044.23
23044.48
23044.84
23045.87
23045.87
23046.13
23047.40
23047.91
23047.91
23049.76
23051.91
23053.20
23054.77
23056.25
23056.25
23056.32
23056.32
23057.80
23059.21
23060.20
23060.82
23061.37
23062.40
23062.41
23062.97
23063.32
23063.79
23063.79
23063.92
23064.61
23064.61
23064.70
23065.73
23066.28
23066.29
23067.78
23067.80
23067.93
23068.42
23068.77
23069.23
23072.39
23072.90
23072.90
23074.03
23074.54
23075.36
23075.68
23077.00
23078.02
23078.02
23079.35
23079.81
23079.87
23080.17
23080.30
23080.42
23080.89
23080.89
23081.20
23081.50
23081.65
23081.84
23082.32
23082.32
23082.37
23082.49
23082.94
23082.94
23083.35
23083.35
23083.52
23083.80
23083.90
23084.57
23084.88
23085.03
23085.17
23085.27
23085.44
23085.76
23085.82
23086.11
23086.12
23086.32
23086.51
23086.83
23087.13
23087.13
23087.17
23087.22
23087.75
23087.77
23088.36
23088.36
23088.36
23088.36
23088.96
23089.10
23089.23
23089.47
23089.51
23089.61
23089.75
23089.80
23089.86
23090.82
23090.86
23090.97
23090.98
23091.02
23091.07
23091.10
23091.12
23091.43
23091.65
23092.15
23092.15
23092.26
23092.40
23092.48
23093.38
23093.40
23093.53
23093.65
23093.75
23093.76
23093.86
23094.03
23094.27
23094.46
23094.52
23094.67
23094.85
23094.97
23095.12
23095.24
23095.34
23095.34
23095.84
23096.02
23096.55
23096.59
23096.73
23097.07
23097.23
23097.27
23097.32
23097.51
23097.70
23097.80
23098.29
23098.31
23098.60
23098.74
23099.42
23099.42
23099.73
23100.04
23100.55
23100.98
23101.37
23101.47
23101.60
23102.14
23103.00
23103.31
23103.54
23103.82
23104.44
23104.54
23105.46
23106.09
23106.16
23106.59
23107.92
23108.66
23109.05
23109.05
23109.08
23109.13
23109.47
23109.48
23109.76
23109.77
23109.82
23109.85
23110.26
23110.58
23110.99
23111.08
23111.11
23111.81
23111.94
23112.22
23112.22
23112.53
23112.53
23113.14
23113.45
23113.45
23113.51
23114.27
23115.50
23115.60
23116.01
23116.01
23116.83
23117.96
23118.05
23118.48
23119.29
23119.36
23121.03
23121.46
23122.05
23122.87
23122.87
23123.69
23124.00
23125.23
23125.53
23126.04
23126.12
23126.24
23128.19
23128.19
23128.19
23128.22
23128.41
23128.81
23128.93
23130.57
23131.70
23132.09
23132.19
23132.65
23133.28
23134.24
23134.54
23134.54
23134.54
23134.67
23134.99
23135.77
23136.39
23136.87
23137.82
23138.64
23139.87
23140.00
23140.04
23140.48
23140.79
23141.40
23142.93
23143.86
23143.86
23143.96
23144.78
23146.02
23147.29
23147.65
23148.06
23148.18
23148.47
23148.65
23148.78
23148.97
23149.52
23150.52
23150.72
23151.06
23151.20
23152.98
23152.98
23152.98
23153.20
23155.02
23155.09
23155.54
23155.95
23155.99
23156.16
23156.56
23157.36
23157.89
23158.02
23159.02
23159.73
23159.73
23160.25
23160.76
23161.07
23161.58
23161.58
23161.62
23162.18
23162.33
23162.35
23162.42
23163.01
23163.01
23163.03
23163.25
23163.73
23163.79
23164.34
23165.04
23165.38
23165.88
23166.39
23167.11
23167.62
23167.62
23167.62
23167.62
23167.93
23168.58
23168.63
23169.05
23169.12
23169.87
23170.44
23172.12
23172.43
23173.30
23173.41
23173.66
23173.67
23173.84
23173.94
23173.96
23174.68
23174.68
23174.68
23174.74
23174.93
23176.63
23176.66
23177.45
23177.47
23177.55
23177.61
23177.64
23177.74
23177.76
23178.78
23178.78
23179.19
23179.50
23179.64
23179.76
23179.90
23180.52
23181.03
23181.33
23181.38
23181.60
23181.95
23182.10
23182.47
23183.29
23184.11
23184.22
23184.72
23184.72
23185.03
23185.07
23185.44
23186.36
23186.93
23187.48
23188.00
23188.41
23189.08
23189.10
23189.11
23189.26
23189.91
23190.25
23190.56
23191.27
23191.79
23192.09
23192.60
23194.14
23194.17
23194.21
23194.64
23195.37
23195.47
23195.78
23196.91
23196.91
23197.30
23197.32
23197.83
23198.24
23198.24
23198.24
23198.27
23198.65
23199.06
23199.77
23200.80
23200.88
23201.62
23202.02
23202.31
23203.09
23203.66
23203.87
23204.79
23205.92
23205.92
23206.14
23206.63
23207.86
23209.19
23209.70
23210.31
23211.14
23211.26
23211.74
23212.58
23214.01
23214.62
23215.75
23216.26
23218.39
23219.23
23219.38
23219.84
23220.25
23223.28
23223.31
23226.56
23227.01
23228.96
23228.96
23229.76
23231.29
23231.93
23234.43
23234.52
23235.82
23239.29
23239.34
23242.47
23244.73
23248.41
23248.48
23249.74
23249.92
23251.48
23255.78
23256.09
23258.24
23258.24
23258.65
23259.26
23259.57
23260.80
23261.52
23262.45
23263.46
23265.28
23265.36
23266.33
23267.77
23269.42
23269.57
23270.31
23270.34
