28335.42
28336.11
28336.25
28336.28
28336.75
28337.07
28337.15
28337.36
28338.39
28338.43
28339.31
28339.92
28348.53
28348.83
28348.83
28348.97
28349.27
28352.01
28352.05
28355.69
28358.05
28358.66
28359.84
28361.99
28363.58
28364.35
28364.45
28364.63
28365.22
28365.43
28365.50
28367.46
28368.60
28368.67
28368.76
28369.11
28371.06
28371.98
28374.33
28374.84
28375.00
28375.56
28377.06
28377.12
28377.92
28379.04
28379.04
28379.96
28379.96
28380.27
28381.40
28381.91
28382.13
28382.63
28382.64
28386.10
28387.44
28388.67
28390.41
28390.85
28391.12
28391.31
28392.56
28393.28
28396.11
28396.32
28397.88
28397.88
28398.39
28398.39
28398.80
28399.32
28399.83
28400.14
28401.98
28404.54
28405.02
28405.14
28405.22
28405.66
28407.13
28407.51
28407.82
28408.22
28409.04
28409.15
28409.24
28410.04
28410.78
28411.60
28412.01
28412.19
28413.47
28414.17
28414.43
28414.48
28417.58
28417.58
28419.13
28419.13
28419.29
28420.13
28420.13
28421.86
28421.86
28421.86
28424.18
28425.22
28428.61
28431.88
28432.58
28433.62
28433.77
28433.79
28437.72
28438.74
28444.89
28448.78
28451.74
28452.56
28457.89
28460.76
28460.90
28471.41
28472.12
28472.21
28476.44
28479.29
28479.60
28479.74
28480.42
28480.73
28484.62
28486.25
28488.30
28489.32
28489.33
28489.36
28493.32
28493.73
28495.16
28498.85
28499.46
28500.90
28502.17
28502.64
28503.15
28503.89
28505.13
28506.02
28506.94
28507.86
28509.48
28510.93
28512.57
28512.66
28512.86
28521.60
28523.32
28524.96
28527.01
28532.23
28535.71
28537.04
28537.16
28538.17
28538.68
28539.71
28540.01
28540.01
28540.53
28541.14
28541.25
28541.40
28541.54
28541.60
28541.61
28541.64
28541.96
28542.37
28542.90
28542.91
28542.92
28543.19
28543.80
28546.87
28548.21
28548.82
28549.13
28549.13
28549.13
28549.93
28551.00
28551.69
28552.51
28552.51
28552.81
28553.10
28554.77
28555.16
28555.48
28555.54
28557.14
28557.63
28557.82
28559.34
28559.88
28560.64
28560.90
28561.52
28562.54
28562.64
28562.66
28563.27
28563.35
28563.77
28564.08
28564.08
28564.69
28565.61
28566.64
28566.81
28568.07
28568.79
28568.93
28569.19
28569.71
28571.46
28571.96
28572.27
28573.09
28573.70
28574.04
28574.05
28574.23
28575.44
28575.62
28575.63
28575.67
28576.06
28576.98
28579.54
28580.18
28581.39
28582.10
28586.09
28586.25
28587.83
28588.35
28589.16
28589.57
28589.98
28593.67
28594.39
28594.48
28594.61
28595.31
28595.99
28596.44
28596.74
28597.25
28597.25
28597.46
28597.88
28598.28
28598.69
28599.71
28599.78
28600.69
28600.78
28602.15
28602.38
28603.60
28603.66
28604.63
28604.63
28605.34
28605.39
28605.55
28606.57
28607.08
28607.90
28608.11
28608.52
28609.64
28609.67
28609.84
28610.16
28610.57
28611.49
28611.55
28611.90
28611.98
28612.51
28616.71
28616.71
28616.76
28617.22
28617.84
28618.25
28618.76
28619.48
28619.99
28620.40
28620.70
28621.93
28622.34
28622.65
28623.16
28623.16
28623.67
28624.19
28625.31
28626.13
28626.75
28628.08
28628.08
28628.55
28629.20
28629.20
28629.20
28629.51
28629.51
28629.67
28629.97
28630.00
28630.43
28630.84
28631.15
28631.87
28631.87
28631.92
28632.38
28632.63
28633.09
28633.91
28633.98
28634.19
28634.69
28635.99
28636.12
28636.79
28637.29
28637.91
28637.93
28639.14
28639.14
28639.22
28639.65
28640.38
28640.77
28641.59
28643.13
28643.85
28644.94
28645.79
28646.10
28646.22
28646.86
28647.33
28648.66
28649.17
28649.48
28653.68
28653.88
28655.11
28655.83
28656.24
28656.65
28657.07
28657.67
28658.49
28658.49
28659.10
28659.92
28660.17
28661.29
28661.66
28662.89
28662.99
28663.18
28663.23
28664.63
28665.86
28666.99
28667.91
28667.91
28671.19
28671.41
28674.05
28674.23
28675.55
28676.31
28676.46
28677.23
28678.56
28678.87
28683.54
28684.70
28686.14
28686.31
28689.93
28691.36
28693.82
28694.43
28699.14
28699.76
28700.88
28700.89
28701.25
28701.71
28703.04
28703.05
28704.67
28704.96
28706.01
28706.93
28706.93
28708.17
28713.48
28718.19
28719.93
28724.03
28727.10
28729.55
28731.19
28733.86
28735.60
28736.67
28739.39
28740.31
28740.44
28747.78
28758.64
28758.64
28759.46
28759.54
28761.19
28761.61
28763.86
28765.60
28766.52
28766.52
28766.93
28767.09
28767.75
28770.19
28771.51
28771.66
28771.93
28776.76
28777.17
28781.22
28782.70
28783.72
28784.44
28784.95
28785.26
28785.26
28786.18
28786.20
28786.37
28786.48
28786.90
28787.41
28787.73
28787.82
28788.23
28788.54
28788.61
28790.07
28790.07
28790.07
28790.48
28790.49
28790.58
28790.65
28791.61
28792.12
28792.18
28792.25
28792.53
28792.85
28793.35
28793.35
28793.92
28793.99
28795.99
28796.32
28796.49
28797.11
28798.68
28799.50
28799.67
28799.93
28800.52
28800.93
28801.85
28801.98
28802.10
28802.47
28802.57
28803.03
28803.28
28803.59
28803.59
28805.62
28806.05
28806.09
28808.30
28808.30
28808.39
28808.39
28808.39
28808.39
28810.14
28810.14
28810.22
28810.36
28811.93
28811.93
28811.93
28813.94
28814.17
28814.40
28814.97
28815.01
28815.12
28816.17
28817.12
28818.34
28818.85
28818.89
28819.35
28819.97
28823.76
28825.61
28825.98
28826.62
28826.76
28829.91
28830.93
28832.36
28836.56
28837.69
28838.92
28839.33
28840.66
28842.75
28844.59
28844.98
28847.62
28848.34
28849.36
28851.51
28853.97
28854.69
28857.09
28861.55
28861.87
28864.24
28864.52
28866.87
28867.28
28867.59
28868.10
28868.17
28869.29
28870.35
28872.09
28872.21
28872.50
28873.22
28874.14
28874.44
28875.56
28875.59
28876.50
28877.42
28877.46
28878.55
28879.72
28880.40
28881.52
28882.74
28888.99
28889.50
28890.01
28895.44
28900.25
28902.41
28905.17
28907.22
28912.65
28925.07
28925.55
28927.39
28927.49
28934.46
28935.99
28941.21
28946.54
28952.27
28952.79
28957.29
28958.62
28960.42
28968.15
28968.94
28969.27
28978.29
28980.16
28980.34
28983.20
28987.50
28989.45
28991.29
28993.03
28993.24
28994.36
28997.13
28997.22
28997.22
29001.84
29001.99
29002.92
29003.78
29003.78
29005.01
29005.01
29006.45
29006.45
29006.87
29006.94
29007.06
29007.98
29008.12
29014.39
29015.28
29015.87
29016.48
29017.20
29017.32
29022.39
29022.73
29022.75
29024.26
29025.90
29025.90
29028.41
29029.18
29029.40
29030.41
29030.41
29030.48
29030.81
29032.66
29033.89
29035.31
29036.86
29045.92
29049.87
29051.19
29051.70
29053.65
29057.64
29060.10
29061.67
29072.70
29073.56
29074.54
29079.04
29080.17
29081.43
29086.11
29087.39
29087.42
29091.03
29091.03
29091.54
29092.15
29092.29
29096.55
29098.14
29098.71
29100.14
29101.57
29101.57
29101.59
29102.29
29103.11
29104.44
29104.62
29105.36
29105.55
29107.95
29108.23
29108.64
29109.46
29110.15
29110.69
29113.66
29117.24
29123.24
29125.61
29125.61
29127.92
29127.92
29127.92
29127.92
29127.92
29127.92
29127.92
29130.92
29130.92
29131.15
29133.73
29140.74
29141.61
29141.76
29144.07
29144.89
29149.19
29150.62
29153.18
29157.01
29158.61
29160.45
29160.99
29164.34
29166.00
29169.67
29172.13
29172.64
29172.64
29173.15
29174.38
29177.01
29180.22
29181.03
29185.95
29188.71
29192.09
29193.43
29194.35
29194.96
29204.89
29206.63
29206.63
29221.89
29225.99
29244.74
29245.44
29245.59
29251.18
29254.76
29255.99
29256.30
29262.44
29263.77
29272.07
29272.99
29277.19
29278.73
29294.60
29311.90
29312.91
29313.12
29313.54
29314.97
29316.92
29317.43
29317.43
29318.56
29323.17
29325.11
29327.36
29329.41
29333.30
29334.94
29335.97
29336.73
29337.09
29341.09
29342.93
29345.80
29354.40
29371.40
29375.29
29378.77
29387.40
29387.78
29388.39
29389.73
29390.44
29392.18
29403.55
29404.37
29406.31
29407.65
29409.80
29412.56
29425.67
29435.29
29442.87
29442.87
29448.20
29455.26
29455.98
29456.02
29456.15
29470.83
29475.54
29476.05
29494.28
29494.79
29502.26
29507.04
29513.12
29514.46
29523.66
29523.79
29528.17
29531.24
29540.13
29552.13
29552.44
29553.46
29553.77
29555.61
29558.29
29558.79
29577.12
29602.41
29605.64
29611.52
29611.54
29618.90
29625.45
29625.96
29633.23
29644.19
29649.60
29651.46
29651.90
29651.90
29652.76
29653.30
29654.44
29654.84
29656.84
29659.80
29661.11
29662.62
29667.15
29673.88
29677.11
29678.39
29686.79
29687.09
29687.61
29688.12
29692.42
29693.34
29696.41
29698.26
29699.36
29699.40
29700.63
29701.53
29701.94
29702.45
29705.42
29705.83
29707.06
29708.09
29709.42
29710.03
29710.07
29711.16
29711.74
29711.87
29712.18
29712.59
29713.82
29716.69
29734.51
29740.14
29744.34
29745.77
29754.58
29756.11
29763.48
29777.00
29783.45
29791.54
29808.87
29808.96
29811.88
29814.45
29814.45
29824.01
29824.01
29839.16
29839.77
29845.30
29848.37
29853.06
29856.87
29859.33
29865.68
29868.44
29870.59
29877.66
29879.55
29886.26
29887.49
29888.62
29894.34
29907.66
29908.38
29908.38
29911.96
29912.81
29917.70
29920.08
29921.29
29922.31
29923.94
29930.80
29930.86
29930.92
29933.06
29946.27
29964.11
29971.97
29976.79
29983.64
29983.77
29987.64
29987.74
29997.36
30000.06
30001.77
30003.30
30011.60
30015.45
30020.31
30023.58
30023.89
30023.93
30023.99
30025.83
30026.65
30030.75
30033.20
30035.97
30036.48
30046.82
30051.94
30063.72
30069.86
30072.22
30073.76
30073.76
30074.27
30074.27
30074.78
30075.09
30075.25
30075.41
30075.91
30076.04
30076.16
30076.73
30077.75
30077.77
30077.87
30078.00
30078.26
30078.34
30078.52
30078.69
30078.71
30079.05
30079.16
30079.20
30079.20
30079.39
30079.42
30079.60
30079.63
30079.78
30079.82
30080.21
30080.21
30080.21
30080.93
30082.36
30082.37
