30082.77
30083.28
30083.28
30083.41
30083.55
30083.61
30083.64
30084.00
30084.00
30084.05
30084.15
30085.02
30085.02
30085.13
30085.51
30085.55
30085.84
30085.93
30086.02
30086.10
30086.35
30088.24
30088.30
30088.81
30089.73
30089.73
30090.14
30090.22
30090.32
30090.37
30091.98
30092.29
30093.01
30093.01
30094.85
30095.46
30096.08
30096.59
30096.63
30096.64
30097.92
30098.33
30100.58
30100.90
30102.02
30102.14
30103.14
30107.14
30112.87
30118.84
30122.19
30125.06
30130.79
30130.79
30134.78
30137.53
30138.06
30141.24
30141.65
30142.43
30143.28
30146.66
30148.20
30150.86
30152.09
30152.38
30152.70
30153.11
30153.73
30153.76
30153.86
30155.37
30155.37
30155.52
30156.15
30156.24
30156.29
30156.51
30156.62
30157.11
30157.72
30158.03
30158.19
30158.54
30158.56
30158.69
30158.70
30159.16
30159.16
30159.86
30160.50
30160.52
30161.02
30161.14
30162.01
30162.37
30163.17
30163.62
30163.91
30163.91
30164.48
30164.69
30164.72
30164.85
30164.86
30165.03
30165.07
30165.40
30165.81
30165.82
30166.73
30167.04
30167.06
30167.19
30168.06
30170.11
30170.11
30170.63
30170.63
30171.07
30171.16
30171.17
30171.21
30171.38
30171.54
30171.59
30171.60
30171.64
30171.78
30172.57
30173.59
30173.59
30174.52
30174.93
30175.85
30176.26
30176.87
30176.95
30178.82
30179.80
30179.80
30180.56
30180.61
30181.38
30184.14
30186.29
30187.52
30188.53
30192.03
30195.82
30200.01
30201.86
30203.09
30206.52
30206.98
30210.36
30215.07
30217.32
30219.85
30220.19
30224.79
30225.81
30231.01
30232.58
30237.19
30238.72
30238.75
30240.57
30240.57
30241.97
30243.54
30244.45
30245.69
30247.02
30248.48
30251.45
30253.26
30253.67
30255.35
30259.51
30260.43
30260.84
30261.15
30263.81
30265.34
30265.75
30268.42
30271.70
30271.75
30272.77
30280.29
30280.81
30285.18
30289.13
30291.46
30291.87
30292.69
30294.22
30304.67
30306.51
30306.70
30310.28
30316.03
30316.49
30318.49
30320.03
30320.16
30321.79
30326.07
30328.93
30334.14
30334.15
30337.33
30338.66
30343.03
30345.22
30347.68
30347.98
30351.36
30355.87
30358.22
30359.55
30360.89
30361.19
30366.21
30371.94
30377.34
30381.59
30386.79
30392.32
30393.04
30393.05
30393.45
30393.45
30393.75
30393.86
30394.06
30394.24
30394.33
30394.50
30394.64
30394.73
30394.84
30395.23
30395.23
30395.29
30395.39
30395.90
30396.42
30396.53
30396.66
30396.69
30397.75
30397.85
30397.94
30398.02
30398.08
30398.14
30398.27
30398.45
30398.77
30398.85
30398.95
30399.02
30399.16
30399.90
30399.91
30400.20
30400.26
30401.23
30401.32
30401.74
30401.74
30402.46
30402.87
30402.87
30403.28
30403.31
30404.10
30405.12
30405.12
30405.84
30406.45
30406.86
30406.95
30408.81
30409.22
30409.22
30409.93
30410.79
30412.90
30413.58
30414.95
30415.36
30418.02
30421.67
30423.25
30423.65
30428.98
30432.05
30437.07
30438.19
30441.27
30442.39
30442.80
30444.32
30445.06
30448.47
30448.47
30449.69
30449.85
30450.02
30450.22
30453.99
30460.93
30461.12
30463.91
30464.06
30467.89
30481.51
30486.94
30498.80
30503.99
30504.65
30504.65
30505.31
30508.95
30516.12
30519.88
30524.42
30526.67
30531.28
30531.58
30533.73
30540.70
30543.97
30556.88
30561.07
30561.14
30561.48
30562.82
30563.94
30563.96
30564.11
30564.48
30565.27
30565.27
30565.32
30565.36
30565.52
30565.89
30565.92
30566.40
30567.53
30567.60
30567.74
30567.79
30567.91
30569.02
30569.12
30570.60
30572.34
30572.34
30573.47
30573.63
30574.39
30574.59
30575.72
30576.34
30576.41
30577.97
30578.69
30579.51
30580.02
30580.43
30580.45
30580.74
30583.83
30584.32
30585.65
30593.74
30614.50
30620.68
30626.10
30629.67
30638.18
30640.43
30640.96
30644.37
30645.55
30650.06
30651.19
30653.54
30655.49
30657.33
30657.49
30667.06
30671.97
30682.90
30683.24
30692.55
30700.54
30701.06
30711.20
30715.56
30716.12
30720.55
30722.36
30722.36
30723.90
30725.02
30725.33
30725.64
30726.76
30729.01
30729.42
30730.24
30730.82
30730.88
30731.07
30732.39
30732.46
30733.89
30735.57
30736.69
30737.71
30739.25
30739.56
30740.68
30742.01
30742.94
30755.63
30763.83
30764.34
30767.72
30779.39
30783.39
30785.54
30786.25
30794.34
30803.47
30815.44
30829.36
30829.67
30831.00
30834.58
30835.81
30837.26
30840.34
30842.44
30843.56
30845.03
30845.22
30845.95
30847.49
30850.75
30851.07
30853.43
30859.00
30862.85
30864.08
30866.90
30876.06
30877.39
30882.40
30884.66
30886.30
30887.63
30888.86
30890.84
30891.32
30897.36
30900.73
30902.37
30902.37
30903.18
30905.85
30905.97
30906.47
30907.49
30909.89
30910.05
30911.39
30914.05
30915.28
30915.42
30915.79
30916.50
30916.51
30916.58
30917.32
30918.05
30918.76
30919.34
30919.52
30920.60
30921.01
30921.59
30925.41
30929.92
30931.25
30932.27
30932.36
30932.68
30936.27
30941.96
30942.31
30944.36
30945.28
30948.76
30949.89
30949.99
30952.34
30954.24
30954.60
30955.01
30955.83
30957.57
30961.76
30962.31
30966.07
30968.40
30974.98
30980.61
30982.24
30985.63
30989.82
30994.43
30996.17
30996.48
30996.48
31002.92
31009.26
31010.81
31012.25
31016.55
31018.28
31019.06
31020.75
31023.31
31024.33
31026.52
31027.51
31028.84
31030.47
31032.52
31051.26
31054.44
31054.53
31067.54
31067.54
31078.84
31088.43
31099.70
31104.41
31104.82
31108.11
31108.15
31110.24
31112.19
31112.19
31114.34
31114.56
31119.98
31121.20
31124.17
31127.34
31138.40
31139.53
31147.31
31149.36
31155.30
31155.81
31157.55
31157.60
31158.99
31159.70
31160.93
31161.85
31161.93
31162.04
31162.25
31163.59
31164.00
31164.90
31165.23
31165.23
31165.23
31165.31
31166.05
31166.56
31166.58
31168.43
31170.46
31172.92
31173.73
31174.24
31175.17
31175.58
31175.58
31176.91
31177.73
31177.76
31178.14
31178.20
31178.31
31178.85
31179.36
31179.36
31180.49
31181.10
31181.51
31182.55
31182.85
31183.36
31184.59
31185.20
31185.20
31187.00
31191.45
31192.78
31193.09
31194.52
31195.44
31195.63
31195.70
31195.96
31196.36
31196.55
31197.49
31209.67
31212.03
31213.97
31215.92
31220.12
31225.34
31226.57
31228.52
31238.90
31238.90
31241.52
31242.51
31243.88
31246.82
31249.82
31253.93
31253.93
31255.96
31262.10
31262.10
31262.10
31262.51
31263.74
31263.78
31267.02
31269.58
31271.83
31272.78
31273.27
31274.60
31274.75
31276.52
31279.92
31280.65
31280.95
31281.46
31281.64
31283.71
31284.84
31284.91
31286.37
31287.60
31288.62
31289.65
31289.66
31290.74
31294.47
31295.18
31295.80
31296.41
31297.04
31299.48
31300.20
31301.10
31303.98
31303.98
31304.03
31306.54
31306.74
31309.51
31310.23
31310.54
31310.66
31311.05
31311.10
31312.59
31314.43
31318.84
31321.08
31325.28
31327.74
31329.17
31330.10
31330.96
31333.48
31334.40
31336.39
31342.28
31342.42
31344.43
31345.25
31346.99
31346.99
31349.76
31351.80
31354.47
31358.06
31358.46
31359.59
31361.26
31363.99
31365.94
31366.10
31366.16
31366.18
31366.34
31366.35
31368.39
31368.91
31370.54
31371.55
31371.88
31373.12
31375.99
31377.81
31377.83
31378.74
31380.37
31380.43
31382.02
31384.55
31386.69
31388.57
31388.76
31389.90
31390.21
31401.26
31402.70
31405.87
31408.33
31413.76
31415.70
31417.55
31422.26
31425.40
31431.06
31433.72
31436.18
31438.13
31448.67
31452.57
31454.05
31456.52
31457.48
31466.32
31466.34
31467.72
31469.42
31469.49
31472.58
31473.43
31473.76
31474.33
31479.29
31480.93
31481.75
31481.93
31487.83
31490.97
31492.60
31494.55
31494.55
31494.86
31495.68
31496.39
31497.44
31498.34
31501.62
31501.67
31502.33
31502.85
31503.25
31506.33
31507.35
31508.27
31510.93
31515.75
31516.16
31522.71
31524.96
31525.68
31527.22
31530.90
31530.90
31532.13
31532.71
31533.77
31536.43
31539.91
31540.43
31541.69
31542.37
31545.65
31548.62
31549.13
31549.24
31554.35
31557.82
31562.03
31563.16
31564.20
31565.31
31566.84
31567.02
31568.07
31569.47
31569.65
31570.63
31572.17
31573.21
31574.93
31575.14
31576.30
31579.02
31580.38
31582.46
31583.54
31583.95
31584.54
31585.07
31585.38
31591.11
31591.26
31591.38
31591.73
31597.05
31597.61
31599.41
31607.70
31608.02
31608.10
31614.78
31621.12
31621.42
31621.46
31621.83
31622.14
31622.17
31622.22
31622.65
31622.96
31622.96
31622.96
31623.27
31623.78
31623.78
31623.78
31623.90
31624.00
31624.19
31624.26
31624.53
31624.68
31624.80
31624.84
31625.25
31625.72
31625.81
31625.90
31625.92
31625.97
31626.44
31626.64
31626.70
31626.86
31626.97
31627.01
31627.14
31627.57
31627.57
31627.57
31627.98
31627.98
31627.98
31627.98
31628.07
31628.09
31628.16
31628.39
31628.41
31628.48
31628.51
31628.71
31628.73
31628.93
31629.10
31629.15
31629.28
31629.28
31629.32
31629.83
31630.01
31630.03
31630.11
31630.44
31630.44
31630.95
31630.99
31631.12
31631.38
31631.46
31631.77
31632.18
31632.18
31632.48
31632.50
31632.55
31632.99
31633.00
31633.10
31633.23
31633.40
31633.81
31634.84
31634.89
31635.25
31635.25
31635.25
31635.25
31635.40
31635.44
31635.76
31635.81
31635.85
31636.03
31636.16
31636.36
31636.49
31636.60
31636.67
31636.68
31636.73
31638.11
31638.25
31638.73
31639.14
31639.18
31639.55
31639.55
31639.86
31640.26
31640.37
31641.29
31641.69
31642.21
31642.93
31643.10
31643.18
31643.24
31643.40
31644.16
31644.57
31644.67
31645.49
31646.10
31646.10
31646.51
31646.92
31647.11
31648.15
31650.20
31650.61
31650.61
31650.78
31651.02
31651.73
31651.73
31652.25
31652.66
31654.50
31654.59
31655.11
31655.83
31659.61
31661.57
31661.57
31661.69
31662.17
31662.90
31664.49
