18401.78
18405.97
18407.71
18408.99
18409.48
18413.96
18417.65
18420.72
18423.15
18432.80
18439.16
18441.67
18444.78
18447.96
18456.56
18457.38
18457.92
18458.51
18459.05
18460.77
18464.34
18465.26
18465.35
18466.00
18466.05
18466.29
18466.41
18466.52
18466.69
18466.69
18467.00
18467.41
18467.45
18467.58
18467.62
18467.69
18467.71
18467.89
18468.24
18468.35
18468.46
18468.75
18469.05
18469.54
18469.65
18470.08
18470.11
18470.17
18470.21
18470.33
18470.45
18470.52
18470.57
18470.75
18470.76
18470.86
18471.16
18471.41
18471.43
18471.53
18471.63
18471.82
18472.33
18472.33
18472.35
18472.46
18472.48
18472.74
18472.74
18472.79
18473.15
18473.27
18473.27
18473.37
18473.43
18473.87
18474.04
18474.06
18474.08
18474.08
18475.61
18475.61
18475.61
18475.61
18475.61
18475.61
18475.61
18475.61
18475.61
18475.61
18475.61
18475.61
18475.70
18475.70
18475.70
18475.70
18475.73
18475.75
18475.83
18475.86
18475.89
18475.90
18475.91
18476.12
18476.30
18476.84
18476.84
18476.98
18477.16
18477.32
18477.34
18477.40
18477.52
18477.70
18477.71
18477.82
18477.96
18478.02
18478.05
18478.06
18478.08
18478.10
18478.68
18478.68
18478.68
18478.68
18478.71
18478.71
18478.72
18478.79
18478.95
18478.96
18479.12
18479.21
18479.38
18479.81
18480.11
18480.13
18480.19
18480.22
18480.73
18480.77
18480.86
18480.89
18480.91
18481.06
18481.31
18481.51
18481.54
18482.06
18482.18
18482.20
18482.26
18482.57
18482.67
18482.69
18482.70
18482.83
18482.86
18482.88
18483.06
18483.23
18483.41
18484.21
18484.52
18484.78
18484.80
18485.23
18485.34
18485.46
18485.65
18485.67
18485.80
18486.67
18487.07
18487.48
18488.20
18488.20
18488.71
18488.71
18488.71
18488.72
18488.74
18488.76
18489.02
18489.29
18489.35
18489.36
18489.55
18489.71
18490.35
18490.40
18490.45
18490.51
18490.97
18491.68
18491.99
18492.40
18492.71
18492.73
18492.86
18492.90
18493.03
18493.32
18493.33
18493.39
18493.49
18493.57
18493.63
18494.32
18495.22
18495.65
18495.68
18495.81
18496.19
18496.19
18496.35
18496.72
18497.01
18497.16
18498.27
18498.33
18498.39
18498.83
18498.88
18499.57
18499.57
18499.57
18499.57
18499.57
18499.57
18499.73
18499.81
18500.18
18500.18
18500.18
18500.29
18500.29
18501.00
18501.18
18501.66
18501.82
18502.13
18502.19
18502.95
18503.66
18503.74
18504.07
18504.09
18504.59
18504.89
18505.81
18506.43
18506.49
18507.76
18508.58
18508.99
18508.99
18509.08
18509.40
18509.40
18510.01
18510.15
18510.25
18510.32
18510.46
18511.24
18511.55
18513.80
18513.80
18513.89
18514.08
18514.09
18514.22
18514.39
18514.65
18514.69
18515.23
18515.34
18515.38
18516.16
18516.77
18517.18
18517.18
18517.90
18517.90
18517.94
18518.41
18518.41
18518.82
18518.82
18519.84
18520.23
18521.79
18521.87
18522.05
18522.12
18522.51
18522.91
18523.13
18523.31
18526.91
18527.52
18527.83
18527.83
18528.14
18528.14
18528.19
18528.20
18528.32
18528.39
18529.88
18530.39
18530.80
18531.76
18532.74
18533.56
18533.56
18534.59
18535.94
18535.99
18536.13
18536.30
18536.64
18536.94
18537.08
18538.68
18538.68
18539.19
18539.28
18539.33
18539.44
18539.71
18539.71
18539.73
18540.02
18540.46
18541.24
18541.96
18542.46
18543.39
18543.73
18544.11
18546.36
18546.67
18547.18
18547.54
18547.72
18548.31
18548.38
18550.46
18550.97
18551.48
18552.20
18552.27
18552.35
18552.36
18552.62
18552.62
18552.92
18553.04
18553.09
18553.24
18553.35
18553.40
18553.41
18553.41
18553.69
18553.94
18554.14
18554.56
18554.86
18554.86
18554.92
18554.99
18555.01
18555.06
18555.48
18555.48
18555.74
18555.82
18556.01
18556.40
18556.60
18556.68
18556.76
18556.87
18556.87
18556.88
18557.42
18557.90
18558.24
18558.78
18558.97
18559.28
18559.28
18559.78
18560.29
18560.80
18560.88
18561.07
18561.72
18561.86
18562.04
18562.54
18562.54
18562.69
18562.77
18562.87
18563.16
18563.16
18563.23
18563.67
18563.67
18564.08
18564.08
18565.00
18565.10
18565.82
18565.82
18565.96
18566.00
18566.08
18566.21
18566.30
18566.37
18566.40
18566.53
18566.59
18566.61
18566.61
18566.81
18566.90
18567.10
18567.14
18567.46
18567.46
18567.46
18567.48
18567.56
18567.56
18567.61
18567.70
18567.71
18567.73
18567.77
18567.86
18567.90
18567.97
18568.10
18568.24
18568.35
18568.52
18568.58
18568.61
18568.75
18568.85
18568.95
18569.02
18569.18
18569.51
18569.53
18569.54
18569.63
18569.70
18569.71
18569.81
18570.00
18570.09
18570.12
18570.20
18570.53
18570.66
18570.76
18570.80
18570.93
18570.99
18571.06
18571.12
18571.22
18571.22
18571.45
18571.45
18571.49
18571.54
18571.67
18571.71
18571.73
18571.73
18571.86
18571.92
18571.96
18572.11
18572.12
18572.13
18572.14
18572.15
18572.16
18572.17
18572.29
18572.29
18572.31
18572.33
18572.63
18572.65
18572.67
18572.72
18574.01
18574.01
18574.17
18574.52
18574.52
18574.66
18574.67
18574.67
18574.86
18574.86
18575.14
18575.14
18575.30
18575.43
18575.75
18575.90
18576.15
18576.21
18576.30
18576.32
18576.37
18576.46
18576.50
18576.78
18576.78
18576.82
18576.91
18577.03
18577.06
18577.06
18577.18
18577.60
18577.60
18577.63
18577.66
18578.11
18578.14
18578.20
18578.29
18578.35
18578.40
18578.50
18578.82
18578.83
18579.13
18579.15
18579.25
18579.26
18579.28
18579.32
18579.50
18579.56
18579.95
18580.01
18580.21
18580.57
18580.87
18580.90
18580.92
18581.26
18581.59
18582.00
18582.31
18582.31
18582.31
18582.33
18582.39
18582.59
18582.62
18582.78
18582.81
18583.24
18583.25
18583.29
18583.74
18583.76
18584.06
18584.37
18584.38
18584.48
18585.28
18585.91
18585.91
18585.91
18585.91
18586.04
18586.71
18586.76
18587.22
18587.38
18587.39
18587.40
18587.45
18587.54
18587.94
18588.02
18589.58
18589.99
18590.09
18590.10
18590.31
18590.81
18590.89
18591.22
18591.22
18591.40
18591.73
18591.83
18591.88
18591.89
18591.93
18591.95
18591.98
18592.34
18592.34
18592.34
18592.38
18593.16
18593.23
18593.54
18593.72
18593.72
18593.78
18594.18
18594.21
18594.43
18594.67
18594.78
18595.25
18595.52
18595.54
18596.13
18597.36
18598.28
18598.31
18598.47
18598.53
18598.60
18598.60
18598.70
18600.02
18600.02
18600.31
18600.54
18600.62
18601.09
18601.76
18603.61
18603.70
18604.22
18604.66
18605.26
18605.40
18605.76
18605.76
18606.06
18606.47
18606.68
18607.29
18607.29
18607.80
18607.82
18608.11
18608.13
18608.31
18608.32
18608.83
18609.14
18609.20
18609.28
18609.41
18610.10
18610.11
18610.33
18610.38
18610.78
18611.08
18611.12
18611.14
18611.59
18611.59
18611.87
18611.94
18611.94
18612.31
18612.84
18613.33
18613.88
18614.16
18614.56
18614.56
18614.69
18614.77
18614.98
18615.27
18615.44
18615.59
18616.10
18616.60
18617.02
18617.33
18617.33
18617.34
18618.04
18618.18
18618.21
18618.31
18618.92
18618.93
18619.08
18619.38
18619.39
18619.78
18619.78
18619.78
18620.71
18620.74
18621.22
18623.47
18623.98
18626.13
18626.13
18628.59
18628.67
18629.00
18629.09
18629.51
18629.57
18629.62
18629.72
18630.13
18634.39
18635.45
18635.76
18636.16
18637.81
18637.81
18637.86
18638.63
18639.24
18639.86
18640.26
18640.98
18641.07
18642.72
18643.03
18645.69
18646.82
18647.13
18647.19
18648.05
18648.24
18648.76
18649.38
18649.39
18649.63
18649.75
18649.79
18649.87
18650.28
18650.38
18650.71
18650.71
18652.14
18652.32
18654.29
18654.60
18655.62
18655.83
18655.95
18656.55
18656.70
18656.85
18657.57
18658.08
18658.49
18658.80
18659.41
18659.41
18659.75
18660.13
18661.56
18662.28
18662.79
18663.67
18665.15
18665.15
18666.17
18667.30
18667.30
18667.83
18668.53
18669.24
18669.76
18671.19
18671.25
18671.50
18672.21
18672.34
18672.73
18672.73
18672.85
18672.89
18673.24
18673.24
18673.24
18673.31
18673.33
18673.47
18673.53
18673.73
18674.26
18674.28
18674.33
18674.77
18674.84
18675.11
18675.15
18675.59
18675.59
18675.79
18675.80
18675.80
18675.81
18675.84
18675.86
18675.89
18675.90
18675.94
18676.00
18676.10
18676.13
18676.13
18676.51
18676.66
18676.72
18676.81
18676.85
18676.88
18676.88
18676.89
18676.92
18676.98
18677.33
18677.33
18677.39
18677.59
18677.61
18677.79
18677.89
18678.13
18678.20
18678.46
18678.46
18678.46
18678.52
18678.58
18678.62
18678.97
18678.97
18679.04
18679.13
18679.17
18679.48
18679.56
18679.62
18679.77
18679.84
18679.91
18680.41
18680.41
18680.41
18680.41
18680.47
18680.55
18680.68
18680.73
18680.85
18680.90
18680.97
18681.05
18681.06
18681.21
18681.53
18681.53
18681.53
18681.71
18681.71
18681.89
18682.10
18682.56
18682.56
18682.56
18682.70
18682.80
18682.86
18682.86
18683.00
18683.27
18683.36
18683.39
18683.46
18683.49
18684.71
18684.71
18685.01
18685.09
18685.21
18685.35
18685.73
18685.77
18685.77
18685.80
18685.87
18685.90
18686.34
18686.36
18686.42
18686.43
18686.51
18686.52
18686.75
18687.06
18687.37
18687.38
18688.21
18688.26
18688.27
18688.33
18688.38
18688.57
18688.63
18688.65
18688.81
18689.00
18689.42
18689.42
18689.42
18690.03
18690.04
18690.10
18690.41
18690.43
18690.95
18690.97
18691.14
18691.24
18691.26
18691.67
18691.73
18691.86
18691.90
18692.28
18692.59
18692.64
18692.67
18692.83
18693.10
18693.29
18693.36
18693.49
18693.62
18693.76
18693.88
18693.94
18693.98
18694.23
18694.46
18694.51
18694.72
18694.81
18695.14
18695.17
18695.19
18695.31
18695.34
18695.66
18696.53
18698.22
18698.55
18698.75
18699.25
18699.55
18700.07
18700.08
18701.40
18701.51
18702.42
18704.37
18706.41
18706.52
18707.03
18708.57
