24488.06
24488.68
24488.74
24489.18
24489.35
24496.56
24498.61
24498.61
24498.92
24500.66
24501.17
24502.29
24502.33
24502.53
24503.32
24504.96
24505.98
24506.70
24507.11
24507.82
24509.77
24509.82
24512.33
24513.20
24514.33
24514.45
24514.48
24514.58
24515.27
24516.53
24517.35
24520.21
24525.13
24525.25
24527.07
24533.22
24533.53
24534.01
24534.35
24535.29
24539.88
24546.12
24547.15
24548.99
24549.12
24549.71
24550.19
24550.38
24555.23
24556.67
24556.98
24558.00
24559.82
24561.38
24567.32
24567.63
24567.63
24567.64
24570.35
24571.41
24575.92
24576.05
24576.64
24577.46
24577.61
24577.63
24578.07
24580.43
24580.73
24580.73
24584.52
24585.55
24586.98
24589.85
24592.82
24593.84
24593.88
24594.97
24595.38
24595.58
24597.23
24598.45
24598.49
24598.67
24598.74
24598.89
24599.57
24599.57
24600.20
24602.95
24603.45
24604.39
24605.00
24605.01
24605.97
24606.16
24607.47
24611.25
24611.96
24613.19
24613.82
24613.98
24614.93
24615.27
24615.46
24615.80
24615.92
24616.03
24617.63
24618.40
24618.49
24618.61
24621.28
24622.51
24622.51
24623.77
24624.15
24625.69
24626.10
24626.81
24627.00
24627.63
24627.66
24627.75
24628.04
24628.35
24629.17
24629.78
24630.19
24630.81
24630.99
24631.83
24632.35
24633.98
24634.17
24634.49
24635.52
24635.52
24635.61
24635.76
24635.87
24636.44
24636.59
24637.56
24637.61
24638.18
24640.14
24640.26
24641.05
24641.35
24641.35
24641.86
24642.58
24642.89
24643.50
24643.81
24644.15
24644.53
24644.83
24644.83
24645.65
24645.75
24645.76
24647.09
24647.60
24647.75
24648.52
24648.93
24648.93
24649.01
24650.06
24650.30
24651.10
24651.43
24651.70
24652.37
24653.03
24653.54
24653.54
24653.85
24654.47
24655.38
24655.53
24656.10
24656.22
24657.33
24658.35
24659.89
24662.04
24663.30
24663.88
24664.60
24664.60
24664.60
24666.95
24668.28
24670.82
24671.56
24671.71
24672.38
24674.12
24674.63
24674.63
24675.25
24675.35
24676.07
24677.37
24677.55
24678.34
24680.28
24681.39
24682.72
24683.07
24683.54
24683.95
24684.26
24684.97
24685.07
24686.41
24687.02
24687.33
24687.74
24690.81
24690.85
24690.86
24691.63
24691.84
24693.17
24695.15
24695.62
24696.03
24696.75
24696.80
24696.89
24697.23
24697.67
24698.80
24699.72
24699.86
24701.60
24702.18
24702.18
24705.35
24705.97
24706.12
24706.99
24707.02
24708.02
24708.83
24709.24
24709.86
24710.27
24711.39
24712.01
24712.42
24714.77
24715.64
24717.95
24719.36
24719.88
24725.53
24726.14
24728.80
24731.16
24734.81
24736.38
24737.30
24739.96
24743.65
24744.47
24744.47
24745.08
24747.42
24749.49
24752.25
24752.25
24752.76
24752.90
24754.81
24755.38
24755.57
24756.05
24756.17
24756.23
24757.88
24759.52
24761.77
24762.63
24762.70
24762.72
24763.56
24765.03
24769.76
24769.83
24771.20
24779.18
24784.07
24786.35
24786.97
24792.90
24793.42
24795.88
24798.80
24798.93
24800.89
24802.43
24803.56
24806.11
24807.34
24809.90
24819.46
24824.44
24824.52
24826.39
24826.70
24828.33
24829.36
24833.25
24833.52
24835.40
24837.45
24837.76
24838.02
24842.64
24845.19
24846.24
24850.86
24854.40
24854.75
24859.27
24862.02
24864.79
24868.80
24869.19
24871.44
24877.21
24888.55
24889.03
24892.23
24894.59
24899.81
24901.96
24902.57
24907.69
24918.45
24918.96
24925.51
24928.99
24931.25
24931.66
24934.42
24935.04
24936.04
24936.78
24936.85
24937.29
24937.52
24938.01
24938.08
24938.62
24939.03
24939.07
24939.09
24939.44
24939.44
24939.75
24940.36
24940.36
24940.97
24941.02
24941.04
24941.63
24941.68
24941.79
24941.90
24942.06
24942.51
24943.02
24943.13
24943.15
24943.31
24943.37
24943.84
24943.84
24944.35
24944.35
24944.87
24944.88
24945.00
24945.68
24945.99
24946.04
24946.91
24946.94
24947.43
24947.60
24947.73
24948.31
24948.65
24948.68
24949.25
24949.29
24949.31
24949.34
24949.44
24949.44
24950.26
24950.34
24950.70
24950.70
24951.11
24951.11
24951.42
24952.03
24952.05
24952.22
24952.55
24953.98
24954.29
24954.43
24954.64
24954.77
24955.31
24955.33
24957.15
24957.77
24958.18
24958.33
24958.69
24959.71
24960.23
24960.28
24960.42
24960.84
24961.97
24962.07
24962.99
24963.01
24963.03
24963.71
24964.12
24964.12
24964.23
24964.39
24964.50
24964.53
24964.86
24965.14
24965.65
24965.65
24966.47
24966.98
24967.17
24967.50
24967.50
24967.53
24968.83
24968.90
24969.12
24969.30
24969.65
24970.22
24970.41
24970.56
24970.59
24971.04
24971.49
24972.69
24973.43
24974.37
24975.60
24977.74
24977.87
24978.03
24978.18
24978.78
24979.17
24979.89
24979.89
24981.08
24981.77
24982.23
24983.57
24987.57
24987.72
24988.38
24989.92
24992.58
24992.89
24993.06
24995.11
24995.13
24995.29
24995.30
24997.40
24999.55
24999.65
25000.78
25002.52
25002.52
25002.57
25002.67
25002.85
25003.90
25005.08
25005.49
25006.51
25006.65
25006.74
25007.02
25007.02
25007.84
25008.15
25008.46
25008.62
25009.17
25009.58
25009.61
25010.61
25011.41
25011.73
25015.01
25015.15
25016.03
25016.95
25017.36
25017.36
25020.33
25020.33
25020.74
25024.33
25025.45
25026.89
25027.30
25027.73
25027.78
25031.70
25031.70
25033.44
25034.57
25035.12
25035.69
25035.69
25037.13
25037.18
25037.50
25037.50
25042.04
25042.45
25046.45
25047.37
25048.08
25048.60
25048.63
25049.42
25054.64
25054.94
25056.58
25058.84
25060.88
25063.24
25063.99
25065.15
25072.05
25081.47
25082.86
25084.23
25088.89
25097.03
25098.16
25098.77
25099.10
25101.32
25103.89
25104.07
25104.10
25104.13
25105.12
25106.04
25108.15
25108.60
25109.01
25109.08
25110.75
25111.54
25112.74
25112.94
25114.24
25114.57
25115.87
25117.72
25117.72
25118.33
25119.59
25119.65
25123.96
25125.79
25132.97
25139.63
25141.78
25141.93
25144.07
25146.17
25148.54
25157.45
25159.84
25162.27
25162.98
25163.17
25164.94
25168.00
25169.12
25169.74
25173.73
25175.57
25177.52
25177.52
25181.51
25182.43
25189.29
25190.42
25191.97
25192.41
25193.49
25196.46
25197.13
25197.48
25199.49
25199.62
25200.35
25201.38
25204.24
25205.17
25208.65
25209.16
25213.05
25213.10
25214.07
25215.20
25215.71
25215.82
25216.76
25217.64
25218.17
25218.32
25218.55
25218.89
25218.89
25219.19
25219.19
25220.93
25221.04
25221.96
25223.09
25224.72
25224.75
25225.32
25226.46
25226.77
25228.21
25228.51
25229.33
25229.84
25232.51
25233.89
25234.76
25238.24
25238.33
25238.96
25241.72
25242.95
25243.11
25245.51
25246.84
25247.46
25248.38
25249.03
25249.81
25250.43
25250.94
25251.35
25252.47
25253.38
25254.11
25257.29
25258.82
25258.90
25259.44
25259.95
25260.02
25261.69
25262.10
25262.41
25263.74
25263.83
25264.41
25265.27
25265.44
25265.55
25265.57
25265.67
25267.94
25269.27
25269.98
25270.60
25271.11
25271.52
25271.60
25272.50
25274.08
25277.87
25277.96
25279.00
25279.71
25280.63
25280.73
25281.25
25281.55
25284.04
25285.96
25287.49
25287.90
25288.21
25288.27
25288.62
25292.00
25292.81
25298.04
25298.86
25298.90
25299.11
25300.81
25304.80
25304.88
25309.09
25309.09
25309.27
25309.80
25310.13
25310.64
25310.97
25314.09
25314.09
25317.09
25317.17
25319.36
25319.36
25328.11
25328.11
25331.11
25333.76
25333.76
25333.76
25334.48
25338.39
25339.89
25339.89
25339.90
25341.25
25344.75
25350.18
25350.67
25353.44
25354.18
25354.23
25359.58
25360.30
25361.32
25362.04
25364.29
25364.34
25364.62
25365.46
25366.39
25367.88
25368.90
25369.51
25370.44
25370.75
25371.15
25371.56
25371.62
25372.16
25372.25
25372.79
25373.31
25374.02
25374.02
25375.87
25376.05
25378.53
25378.94
25379.76
25382.52
25382.52
25382.68
25383.44
25383.52
25385.79
25387.33
25389.52
25389.89
25391.43
25392.25
25393.99
25395.94
25396.86
25401.56
25405.15
25409.86
25414.88
25416.01
25417.03
25418.16
25419.08
25419.15
25421.85
25422.21
25424.44
25430.04
25432.50
25435.90
25441.20
25441.29
25444.21
25444.21
25444.21
25444.21
25451.21
25451.22
25459.83
25459.83
25463.33
25463.33
25463.42
25463.42
25464.92
25466.08
25467.34
25467.34
25468.79
25469.40
25472.11
25472.11
25472.30
25475.19
25477.14
25477.27
25479.90
25482.05
25484.10
25484.72
25485.08
25486.46
25487.17
25487.58
25493.11
25495.77
25498.98
25499.77
25502.84
25504.79
25509.09
25510.93
25511.54
25526.49
25529.57
25531.14
25533.36
25535.90
25538.17
25545.85
25546.46
25548.72
25551.17
25552.91
25554.55
25555.47
25557.83
25559.18
25559.34
25559.50
25560.08
25566.53
25567.41
25570.22
25570.73
25581.51
25584.45
25584.79
25590.19
25590.70
25596.74
25597.15
25611.30
25612.00
25618.86
25621.32
25626.54
25627.15
25634.02
25644.36
25644.87
25645.18
25645.36
25645.94
25645.98
25646.51
25646.81
25648.56
25649.07
25649.15
25649.48
25649.90
25650.19
25650.60
25652.37
25652.86
25652.86
25653.24
25658.08
25658.80
25659.10
25660.02
25660.95
25662.37
25663.81
25664.63
25667.60
25668.35
25672.11
25676.10
25688.90
25700.88
25709.79
25711.74
25721.06
25730.27
25730.68
25731.09
25731.50
25735.90
25746.35
25746.96
25747.78
25753.62
25759.66
25763.76
25766.93
25768.68
25774.48
25776.55
25778.09
25781.06
25782.80
25783.11
25787.41
25792.67
25792.84
25807.02
25808.47
25819.87
25824.30
25824.50
25824.51
25824.60
25825.19
25825.71
25825.71
25826.12
25826.94
25827.13
25827.16
25827.30
25827.37
25827.75
25828.06
25828.06
25828.06
25828.16
25828.36
25828.68
25829.09
25829.17
25829.22
25830.12
25830.34
25830.46
25830.93
25830.93
25830.93
25831.04
25831.07
25831.48
25831.66
25832.16
25832.16
25833.18
25833.23
25834.31
