15037.64
15037.67
15038.36
15039.48
15039.62
15041.22
15041.94
15042.09
15043.98
15045.93
15046.24
15050.44
15051.06
15051.57
15055.05
15055.64
15061.50
15062.63
15070.00
15079.33
15081.16
15091.81
15092.12
15092.30
15095.91
15097.13
15097.96
15102.97
15107.80
15112.70
15113.42
15115.38
15116.90
15118.95
15119.23
15119.41
15120.17
15121.51
15126.32
15127.96
15130.52
15130.93
15131.30
15131.75
15132.46
15133.18
15134.28
15134.61
15136.97
15139.65
15140.95
15142.07
15142.50
15142.67
15142.76
15143.11
15144.10
15144.56
15147.23
15148.23
15151.61
15152.02
15152.33
15154.99
15156.02
15160.52
15161.85
15162.00
15162.98
15163.10
15163.94
15164.16
15164.82
15165.64
15166.97
15167.35
15168.61
15169.02
15170.25
15171.78
15173.42
15174.34
15174.39
15176.54
15177.01
15185.30
15187.55
15188.47
15192.67
15194.41
15199.53
15199.84
15200.15
15200.56
15201.48
15202.81
15203.53
15204.55
15210.18
15211.00
15211.51
15212.44
15213.87
15215.30
15216.02
15216.53
15220.35
15222.41
15224.11
15225.24
15228.49
15229.74
15231.69
15233.94
15237.11
15239.88
15244.38
15245.29
15246.84
15253.50
15254.11
15257.49
15259.93
15260.97
15262.82
15263.74
15266.91
15273.33
15274.49
15282.58
15291.19
15293.02
15293.09
15294.56
15295.58
15295.65
15296.18
15298.25
15299.89
15300.29
15300.90
15301.09
15301.18
15302.34
15303.26
15304.19
15304.49
15306.39
15306.46
15306.75
15307.46
15309.04
15310.08
15314.12
15314.53
15316.88
15319.51
15319.53
15319.96
15322.28
15328.50
15333.34
15333.78
15342.18
15343.00
15345.76
15351.39
15354.77
15356.51
15358.66
15360.61
15360.61
15360.92
15361.35
15361.73
15362.66
15363.89
15364.91
15370.32
15374.15
15375.73
15378.02
15382.21
15382.73
15384.16
15386.41
15388.67
15389.89
15394.03
15395.42
15397.41
15397.57
15404.74
15413.65
15414.78
15423.69
15433.72
15434.75
15436.49
15438.23
15445.19
15447.75
15453.59
15455.84
15457.00
15464.95
15465.12
15468.03
15471.81
15475.81
15482.36
15483.18
15493.63
15494.14
15500.93
15501.11
15508.89
15511.94
15511.94
15514.52
15521.95
15522.81
15524.76
15524.76
15524.76
15530.74
15530.79
15533.17
15533.17
15533.17
15533.31
15534.17
15534.30
15536.74
15536.75
15536.95
15537.03
15539.17
15539.17
15541.02
15544.97
15545.95
15545.95
15546.57
15548.00
15548.00
15550.17
15554.98
15554.98
15556.81
15561.83
15561.92
15564.92
15567.99
15571.99
15571.99
15571.99
15574.17
15576.48
15579.00
15579.00
15579.00
15579.00
15579.06
15579.06
15579.06
15579.19
15579.21
15579.26
15582.00
15582.00
15582.00
15583.33
15583.39
15583.43
15585.38
15585.38
15585.38
15585.38
15585.38
15586.57
15586.57
15591.01
15591.01
15591.01
15591.01
15591.01
15591.01
15591.01
15591.01
15591.10
15591.90
15594.17
15598.02
15598.48
15604.94
15608.21
15608.21
15608.21
15611.17
15611.17
15611.20
15613.33
15613.33
15613.64
15617.53
15619.39
15619.55
15620.81
15623.99
15625.31
15632.24
15632.79
15636.58
15636.76
15639.95
15642.53
15643.64
15643.64
15647.33
15650.60
15653.78
15653.90
15654.23
15654.70
15655.01
15655.20
15656.13
15657.16
15657.57
15658.18
15658.69
15658.98
15659.62
15659.62
15659.62
15660.90
15662.99
15663.40
15664.53
15665.06
15667.91
15669.06
15669.65
15669.66
15670.37
15670.78
15671.18
15672.11
15672.72
15672.84
15673.75
15676.22
15682.04
15682.96
15692.59
15694.84
15694.96
15695.25
15697.40
15698.63
15698.77
15698.97
15699.45
15705.33
15709.91
15713.27
15716.20
15740.00
15748.56
15755.56
15760.98
15766.73
15771.44
15772.25
15772.56
15775.64
15776.42
15776.59
15777.31
15777.50
15778.50
15778.81
15779.34
15779.47
15779.47
15779.83
15780.24
15780.44
15780.55
15780.59
15780.96
15782.70
15782.81
15782.99
15783.93
15783.98
15784.00
15784.11
15784.34
15786.08
15786.14
15786.31
15786.39
15787.72
15788.02
15790.38
15790.40
15792.73
15794.68
15794.87
15796.32
15797.24
15799.60
15802.08
15804.10
15810.86
15814.24
15816.80
15817.40
15817.47
15817.82
15818.34
15819.97
15820.49
15821.94
15826.14
15827.04
15827.97
15829.09
15829.39
15833.39
15837.24
15838.00
15838.07
15839.74
15850.39
15850.43
15853.26
15855.30
15856.84
15856.94
15858.48
15859.40
15865.51
15874.86
15875.29
15875.40
15875.68
15876.40
15877.26
15878.24
15878.43
15879.77
15880.18
15880.90
15880.90
15881.82
15882.00
15882.85
15883.02
15883.06
15883.18
15884.18
15884.32
15885.20
15885.32
15885.82
15886.84
15887.66
15887.97
15888.58
15890.94
15890.94
15894.32
15894.93
15894.99
15895.55
15895.60
15895.74
15896.65
15901.69
15902.51
15902.53
15902.92
15904.56
15906.71
15908.14
15908.22
15908.55
15909.47
15910.09
15910.09
15910.70
15911.13
15913.36
15913.42
15914.39
15915.10
15915.34
15915.94
15918.99
15919.81
15922.78
15927.19
15927.60
15927.66
15930.32
15931.20
15931.37
15936.22
15936.22
15942.85
15945.05
15946.54
15946.54
15953.34
15955.13
15955.13
15958.22
15959.15
15960.71
15963.84
15963.84
15964.87
15968.56
15969.03
15969.68
15971.03
15976.23
15976.54
15977.46
15980.13
15981.97
15981.97
15983.20
15983.31
15983.87
15985.14
15988.11
15990.37
15993.95
15995.66
15995.70
15995.83
15997.53
16000.20
16003.27
16004.09
16006.55
16006.75
16009.72
16010.64
16011.05
16011.22
16011.40
16011.96
16012.01
16012.04
16012.84
16012.95
16014.53
16015.45
16015.52
16016.68
16018.83
16019.86
16025.69
16026.72
16034.34
16039.11
16041.77
16045.15
16053.04
16062.25
16064.09
16065.53
16066.86
16070.14
16074.20
16074.24
16074.54
16076.08
16077.92
16078.94
16079.56
16079.71
16082.32
16082.94
16084.06
16084.39
16087.84
16088.47
16089.42
16089.90
16090.62
16091.03
16092.05
16095.02
16095.20
16100.55
16102.60
16104.34
16105.64
16105.98
16106.18
16109.35
16115.70
16121.03
16124.00
16124.93
16130.27
16131.58
16133.25
16135.42
16136.59
16136.64
16137.62
16138.39
16139.26
16139.40
16142.27
16145.50
16147.35
16147.76
16153.08
16157.28
16161.58
16162.70
16162.81
16164.45
16166.80
16172.87
16175.38
16177.12
16177.21
16179.13
16179.17
16179.31
16183.21
16186.56
16191.38
16192.47
16192.91
16201.78
16210.73
16212.88
16214.21
16214.80
16214.96
16218.28
16219.74
16220.36
16227.22
16231.72
16233.77
16234.90
16237.76
16238.08
16238.38
16242.06
16245.14
16245.14
16261.11
16261.93
16264.70
16266.74
16270.84
16272.01
16272.13
16283.23
16285.17
16285.48
16290.50
16292.65
16298.59
16301.65
16305.66
16312.68
16312.68
16312.68
16315.24
16318.68
16318.68
16330.13
16330.13
16334.45
16336.80
16338.01
16338.01
16338.73
16338.85
16339.24
16342.62
16349.14
16349.39
16349.51
16353.99
16355.26
16356.34
16362.18
16362.59
16364.54
16365.15
16366.89
16367.40
16368.12
16371.81
16373.02
16376.21
16378.26
16381.32
16381.74
16384.09
16385.53
16385.53
16385.70
16386.04
16386.19
16386.45
16387.17
16388.60
16390.13
16392.59
16393.10
16397.00
16398.12
16398.29
16398.63
16399.53
16401.40
16401.54
16401.61
16403.04
16403.06
16403.15
16404.06
16404.09
16404.78
16405.39
16407.03
16407.95
16408.09
16409.60
16409.60
16409.71
16410.10
16410.42
16411.74
16412.25
16412.78
16414.51
16414.70
16416.97
16416.97
16416.97
16417.05
16417.05
16417.05
16417.05
16417.05
16418.60
16418.60
16419.12
16419.22
16419.34
16419.83
16421.06
16421.06
16421.14
16423.13
16423.13
16423.13
16423.13
16423.13
16423.13
16424.13
16424.13
16424.26
16426.78
16426.78
16426.78
16426.78
16426.78
16426.78
16426.78
16426.87
16426.95
16429.78
16429.78
16429.78
16429.78
16429.78
16429.78
16429.78
16432.78
16432.78
16432.78
16432.78
16434.34
16434.34
16434.34
16434.34
16436.79
16436.79
16436.79
16436.79
16436.79
16438.37
16438.37
16439.97
16439.97
16439.97
16439.97
16442.79
16442.79
16442.79
16442.79
16442.79
16445.13
16445.13
16445.13
16445.13
16445.13
16446.13
16448.80
16448.80
16448.80
16448.80
16448.80
16448.80
16448.80
16450.13
16450.13
16450.13
16450.13
16450.13
16450.50
16450.61
16453.68
16453.68
16453.68
16453.68
16454.25
16454.25
16454.82
16454.87
16455.00
16455.74
16456.76
16456.76
16458.14
16458.14
16458.14
16458.46
16458.58
16460.99
16461.00
16461.00
16461.00
16463.81
16464.79
16467.25
16467.60
16467.75
16469.37
16469.37
16469.37
16472.82
16475.13
16475.13
16475.13
16475.43
16475.43
16476.46
16476.46
16478.83
16478.83
16478.83
16478.83
16479.04
16479.22
16480.35
16482.83
16482.83
16482.83
16482.83
16482.83
16482.83
16483.02
16485.13
16485.43
16487.84
16487.84
16487.84
16487.84
16487.84
16487.84
16487.84
16487.97
16488.11
16490.84
16493.85
16496.84
16496.84
16499.09
16499.09
16500.87
16502.83
16503.38
16506.13
16507.13
16512.93
16514.75
16517.86
16517.86
16517.86
16521.87
16524.30
16524.30
16526.23
16534.87
16534.87
16538.87
16541.88
16541.88
16543.91
16546.13
16548.33
16553.88
16558.63
16560.88
16563.89
16563.91
16569.37
16571.33
16572.82
16572.82
16573.67
16574.73
16575.88
16578.25
16578.28
16580.90
16580.90
16581.63
16581.63
16583.89
16583.89
16583.89
16583.89
16586.89
16586.89
16592.89
16592.89
16593.89
16595.96
16596.01
16598.90
16601.90
16606.90
16606.90
16606.90
16606.90
16607.05
16609.90
16609.90
16609.90
16609.90
16609.94
16612.90
16612.90
16613.08
16614.95
16616.49
16618.90
16621.90
16623.15
16625.90
16625.90
16632.23
16634.90
16634.90
16634.90
16637.90
16637.90
16637.90
16639.70
16642.91
16642.91
16642.91
16644.13
16646.91
16652.91
16652.91
16652.91
16652.91
16659.00
16659.00
16659.00
