21556.85
21557.39
21559.54
21562.41
21563.88
21564.56
21574.38
21577.15
21577.15
21578.17
21578.34
21584.43
21584.83
21586.26
21593.64
21594.62
21594.79
21595.79
21596.40
21600.91
21601.21
21602.65
21603.36
21609.10
21610.22
21610.23
21613.50
21615.41
21625.42
21628.96
21632.14
21634.90
21640.64
21643.91
21648.91
21652.62
21654.97
21655.21
21655.33
21657.02
21658.56
21658.97
21659.68
21662.35
21665.83
21665.91
21669.25
21669.45
21672.92
21675.92
21676.04
21678.67
21679.87
21680.23
21680.40
21689.94
21689.94
21692.51
21694.22
21694.46
21701.95
21703.76
21703.84
21706.25
21713.04
21718.98
21719.90
21727.37
21729.25
21734.85
21736.89
21739.79
21739.79
21739.79
21741.25
21743.99
21743.99
21751.37
21756.25
21756.86
21763.62
21764.66
21766.38
21767.00
21767.71
21769.44
21771.09
21771.61
21776.32
21776.41
21777.41
21777.42
21780.11
21780.51
21784.10
21788.91
21791.16
21793.11
21793.42
21794.03
21799.77
21799.90
21801.10
21802.22
21814.51
21814.74
21815.64
21816.93
21821.68
21821.99
21825.98
21831.20
21831.51
21832.12
21834.79
21834.89
21840.73
21842.36
21845.64
21846.66
21847.18
21849.74
21855.27
21856.09
21856.16
21856.90
21858.00
21858.63
21860.69
21865.41
21867.25
21870.11
21870.42
21870.73
21870.78
21872.07
21872.09
21873.26
21879.44
21880.87
21886.81
21893.05
21900.32
21902.27
21908.11
21910.56
21912.61
21914.56
21916.60
21922.65
21922.84
21923.98
21927.35
21931.35
21932.07
21932.19
21944.56
21947.64
21948.66
21951.43
21956.75
21956.78
21956.83
21958.18
21958.18
21958.49
21959.63
21960.13
21962.28
21963.61
21963.73
21965.76
21966.26
21966.84
21971.19
21971.49
21976.82
21976.82
21977.54
21980.61
21991.05
21991.05
21992.08
21994.10
21994.23
21998.22
22000.37
22010.61
22010.92
22013.07
22021.98
22023.82
22025.77
22028.73
22030.45
22034.51
22040.82
22045.63
22046.35
22046.81
22048.39
22048.40
22051.77
22054.34
22055.84
22057.00
22059.71
22060.77
22061.30
22064.09
22064.21
22067.90
22069.18
22075.33
22075.36
22082.80
22084.89
22090.38
22091.71
22098.16
22104.57
22107.38
22107.79
22109.32
22110.56
22112.49
22114.43
22114.95
22115.98
22117.00
22119.90
22120.79
22122.22
22123.43
22123.96
22127.14
22130.21
22132.26
22136.87
22138.20
22144.03
22144.75
22147.31
22149.23
22171.78
22172.40
22175.78
22178.44
22183.46
22184.38
22185.27
22187.56
22187.64
22187.76
22188.23
22188.88
22189.02
22190.33
22190.93
22192.66
22197.08
22199.84
22203.02
22223.80
22225.24
22227.55
22228.64
22230.25
22230.56
22234.12
22236.19
22236.40
22237.71
22245.57
22250.94
22254.79
22273.47
22274.18
22275.62
22275.90
22277.46
22278.86
22279.73
22287.09
22291.49
22291.81
22291.95
22293.74
22298.25
22298.66
22301.29
22303.95
22306.13
22311.40
22311.78
22316.31
22317.38
22323.80
22328.22
22329.42
22332.14
22334.80
22336.13
22339.62
22341.14
22344.43
22349.55
22349.62
22350.92
22359.89
22365.59
22367.16
22370.95
22379.14
22383.24
22387.97
22390.96
22393.48
22394.60
22396.55
22398.23
22401.88
22405.46
22406.18
22406.28
22407.74
22408.07
22408.57
22409.15
22411.85
22413.65
22413.67
22415.29
22417.15
22417.57
22420.80
22421.13
22421.17
22421.64
22424.40
22424.49
22426.14
22429.22
22429.37
22431.67
22432.08
22434.25
22434.51
22439.25
22440.79
22442.02
22442.45
22443.14
22444.78
22448.67
22449.45
22454.21
22455.42
22455.74
22456.66
22457.54
22460.21
22463.06
22463.17
22465.18
22466.33
22467.56
22468.13
22469.87
22471.57
22472.22
22473.01
22474.58
22475.40
22479.93
22480.52
22481.03
22483.01
22484.20
22484.21
22485.02
22486.40
22486.41
22487.07
22487.38
22487.89
22488.01
22488.28
22489.17
22490.23
22490.86
22491.68
22492.81
22496.80
22497.93
22497.93
22498.54
22499.97
22501.52
22501.53
22503.25
22503.83
22504.89
22504.89
22505.61
22505.61
22506.02
22508.71
22509.08
22509.38
22509.48
22510.48
22510.83
22511.16
22512.58
22513.39
22513.63
22513.78
22513.88
22514.31
22514.96
22515.95
22516.56
22517.14
22518.72
22519.12
22519.41
22519.58
22521.79
22522.76
22524.70
22526.09
22526.50
22526.80
22528.34
22529.83
22529.89
22529.89
22530.00
22531.72
22532.03
22532.59
22533.49
22533.97
22534.15
22534.97
22536.74
22537.86
22539.18
22540.22
22540.22
22540.93
22541.34
22541.65
22543.15
22543.60
22543.75
22544.62
22547.82
22548.61
22548.61
22549.30
22549.39
22550.74
22550.76
22550.95
22551.13
22551.29
22551.69
22553.63
22554.66
22554.66
22554.96
22555.88
22555.89
22556.27
22556.81
22556.89
22558.24
22558.39
22559.37
22559.88
22560.62
22561.00
22563.56
22565.82
22565.82
22567.97
22568.69
22569.20
22569.53
22570.02
22570.06
22570.94
22570.97
22571.21
22573.60
22573.71
22573.90
22575.22
22576.06
22577.86
22581.59
22581.66
22583.43
22583.43
22586.20
22588.45
22588.76
22589.27
22589.88
22590.60
22591.01
22592.54
22595.67
22599.30
22600.12
22600.74
22605.96
22607.60
22609.44
22610.05
22611.90
22613.33
22616.81
22619.78
22620.91
22621.21
22621.83
22623.37
22626.54
22629.71
22631.25
22632.17
22633.40
22633.42
22634.63
22634.76
22638.32
22639.95
22640.24
22640.88
22641.01
22641.93
22644.15
22644.97
22645.28
22646.10
22647.02
22648.04
22650.09
22650.63
22652.04
22652.12
22654.80
22656.34
22656.38
22656.81
22659.61
22662.09
22662.79
22663.30
22663.51
22663.57
22664.27
22665.23
22665.66
22665.96
22665.96
22666.07
22667.13
22667.22
22667.34
22667.36
22667.42
22667.44
22667.46
22667.46
22667.52
22667.57
22667.72
22667.72
22667.87
22667.89
22667.93
22668.00
22668.00
22668.10
22668.14
22668.33
22668.37
22668.39
22668.47
22668.56
22668.63
22668.82
22669.14
22669.22
22669.37
22669.53
22669.64
22669.74
22669.78
22669.79
22669.81
22669.96
22670.05
22670.37
22670.37
22670.49
22670.54
22670.61
22671.19
22671.19
22671.30
22671.30
22671.42
22671.55
22672.01
22672.08
22672.21
22672.29
22672.37
22672.67
22672.75
22672.79
22672.91
22673.18
22673.54
22673.55
22673.71
22674.16
22674.30
22674.97
22674.97
22675.05
22675.19
22675.34
22675.39
22675.75
22676.23
22676.61
22677.21
22677.42
22677.71
22677.89
22677.93
22677.94
22678.00
22679.17
22679.24
22679.41
22680.09
22680.16
22680.17
22680.50
22680.83
22681.25
22681.30
22681.43
22681.48
22681.61
22681.62
22681.67
22682.04
22682.12
22682.33
22682.38
22683.17
22684.09
22684.31
22684.32
22685.11
22685.11
22685.73
22685.73
22686.29
22686.41
22686.85
22687.89
22688.80
22689.20
22689.42
22690.24
22690.31
22691.05
22691.05
22691.09
22691.46
22692.73
22693.30
22693.31
22693.84
22693.93
22694.28
22694.54
22694.57
22694.90
22695.25
22695.42
22695.76
22696.41
22696.57
22697.20
22698.32
22698.94
22698.94
22699.07
22699.65
22701.09
22701.09
22701.70
22701.77
22702.83
22703.14
22704.10
22704.29
22704.48
22704.98
22705.99
22708.14
22709.69
22710.30
22710.30
22710.30
22710.61
22714.34
22715.73
22715.83
22715.88
22716.76
22717.27
22717.27
22718.43
22719.42
22719.83
22720.24
22722.19
22722.64
22722.65
22725.91
22726.49
22727.04
22727.43
22727.88
22728.53
22729.56
22730.48
22731.20
22731.33
22733.76
22733.97
22735.50
22737.21
22740.73
22740.90
22742.36
22742.78
22743.13
22746.51
22746.96
22747.68
22748.19
22752.87
22753.96
22754.13
22755.56
22755.56
22755.91
22755.92
22755.99
22756.59
22756.59
22756.61
22756.65
22756.67
22757.10
22757.10
22757.16
22757.35
22757.38
22757.82
22757.95
22758.33
22758.85
22758.86
22759.76
22760.27
22760.27
22760.38
22760.79
22760.82
22760.84
22761.20
22761.66
22761.66
22761.66
22761.68
22761.73
22761.84
22762.12
22762.42
22762.42
22762.43
22762.59
22762.62
22762.63
22762.67
22762.74
22762.87
22763.24
22763.24
22763.30
22763.37
22763.63
22763.66
22763.76
22764.06
22764.14
22764.41
22764.49
22764.56
22764.61
22764.93
22764.96
22764.97
22765.39
22765.39
22765.43
22765.47
22765.50
22765.61
22765.69
22765.81
22766.42
22766.72
22766.89
22766.97
22767.06
22767.08
22767.20
22767.32
22767.45
22768.04
22768.22
22768.40
22768.67
22769.36
22769.36
22769.36
22769.36
22769.53
22769.60
22769.83
22769.93
22770.13
22770.82
22770.84
22770.86
22770.87
22771.01
22771.01
22771.01
22771.03
22771.18
22771.25
22771.28
22771.49
22771.84
22771.96
22772.11
22772.20
22772.35
22772.66
22772.83
22773.38
22774.10
22774.51
22774.53
22774.59
22774.60
22774.62
22774.63
22774.70
22774.92
22775.07
22775.23
22775.41
22775.41
22775.59
22775.68
22775.76
22776.04
22776.07
22776.35
22776.42
22776.47
22776.53
22776.53
22776.54
22776.67
22776.77
22776.96
22777.37
22777.58
22777.62
22777.78
22777.87
22778.30
22778.30
22778.30
22778.44
22778.62
22778.79
22778.93
22779.22
22779.26
22779.46
22779.56
22779.62
22779.95
22780.05
22780.06
22780.15
22780.40
22780.59
22780.83
22781.16
22781.18
22781.19
22781.74
22781.79
22781.82
22781.82
22781.84
22782.19
22782.25
22782.60
22782.60
22782.66
22782.72
22782.80
22782.91
22783.07
22783.07
22783.07
22783.31
22783.62
22783.76
22783.79
22784.13
22784.13
22784.19
22784.27
22784.65
22784.75
22784.85
22785.36
22785.36
22785.45
22785.65
22785.83
22786.00
22786.49
22786.49
22786.49
22786.49
22786.63
22786.84
22786.97
22787.07
22787.72
22787.72
22787.74
22787.91
22787.93
22788.22
22788.42
22788.48
22788.52
22788.72
22789.46
22789.49
22789.63
22789.72
22789.72
22789.96
22790.16
22790.26
22790.69
22790.71
22791.20
22791.28
22791.61
22791.75
22791.84
22791.98
22792.05
22792.06
22792.63
