18709.37
18709.90
18710.82
18711.13
18711.64
18711.64
18711.75
18713.58
18713.89
18713.95
18714.40
18714.54
18715.13
18715.53
18716.35
18716.76
18717.06
18717.37
18717.43
18717.44
18717.78
18718.50
18718.51
18718.68
18719.33
18721.33
18721.36
18722.59
18722.69
18723.21
18723.52
18724.54
18725.46
18725.87
18728.12
18728.84
18728.84
18728.89
18729.56
18731.71
18731.75
18733.14
18733.45
18734.06
18735.21
18735.50
18736.17
18737.65
18741.64
18747.07
18748.60
18750.65
18752.26
18754.94
18755.02
18758.54
18759.36
18760.07
18762.33
18764.07
18765.40
18766.32
18766.32
18766.75
18767.24
18768.78
18770.11
18773.31
18774.72
18775.53
18776.98
18778.12
18782.22
18792.64
18795.81
18797.55
18798.86
18800.72
18805.33
18813.42
18819.57
18820.08
18822.18
18823.25
18828.99
18831.12
18835.13
18835.75
18837.18
18838.82
18838.84
18842.34
18849.06
18852.75
18853.61
18855.67
18859.81
18861.96
18861.96
18864.11
18878.77
18879.88
18879.88
18884.08
18885.31
18885.31
18887.15
18890.02
18890.24
18891.76
18898.59
18900.36
18903.02
18903.95
18904.59
18906.40
18906.52
18906.75
18908.86
18909.73
18910.50
18911.22
18911.93
18914.24
18915.11
18917.16
18920.74
18923.30
18928.32
18930.57
18935.59
18936.61
18936.92
18938.86
18940.34
18941.94
18942.03
18946.54
18946.54
18948.49
18950.23
18950.39
18954.63
18955.18
18961.19
18964.05
18967.35
18967.74
18969.90
18970.81
18972.10
18973.27
18973.63
18973.95
18974.04
18975.63
18975.93
18979.29
18979.93
18983.31
18985.66
18985.74
18987.29
18989.14
18989.30
18991.26
18991.80
18991.81
18992.93
18992.93
18997.03
18997.20
18997.74
18998.02
18999.48
19000.10
19000.41
19000.92
19003.06
19003.99
19004.08
19004.63
19004.78
19006.45
19006.75
19007.47
19008.90
19009.83
19010.54
19011.51
19011.65
19013.10
19015.33
19016.28
19017.51
19020.48
19020.48
19022.11
19022.93
19024.06
19024.91
19025.80
19025.87
19027.20
19027.54
19028.36
19030.41
19030.65
19030.92
19034.50
19034.82
19036.18
19039.09
19040.69
19041.09
19042.21
19042.25
19042.41
19051.23
19052.33
19056.93
19059.02
19062.81
19063.69
19064.30
19064.30
19067.07
19068.09
19068.91
19070.55
19070.67
19071.79
19071.93
19072.71
19073.83
19075.58
19075.93
19077.00
19077.21
19077.72
19078.01
19080.18
19082.43
19083.74
19083.84
19084.68
19085.40
19086.07
19087.37
19090.01
19092.88
19096.16
19096.37
19096.46
19097.38
19100.76
19100.89
19102.39
19102.81
19105.47
19105.61
19122.16
19123.86
19123.88
19126.80
19129.84
19133.22
19136.39
19138.84
19140.18
19146.94
19150.52
19150.93
19152.47
19153.18
19155.34
19155.34
19155.95
19159.02
19164.86
19172.44
19174.69
19175.00
19175.30
19176.12
19176.74
19178.38
19179.00
19179.51
19181.45
19181.86
19181.86
19182.16
19182.48
19182.48
19182.78
19182.87
19185.24
19185.98
19186.97
19187.02
19188.14
19188.20
19191.69
19194.76
19199.98
19199.98
19205.10
19207.23
19207.56
19208.69
19211.25
19219.85
19221.90
19223.43
19224.46
19227.53
19227.94
19228.93
19229.78
19230.89
19232.86
19235.62
19235.90
19236.10
19236.11
19237.46
19237.63
19238.01
19242.68
19242.71
19242.99
19247.09
19247.49
19248.42
19248.42
19251.59
19253.84
19256.92
19261.83
19263.07
19265.82
19266.73
19267.13
19267.25
19268.90
19269.00
19269.53
19269.59
19269.79
19271.56
19272.99
19274.64
19276.07
19278.62
19279.75
19281.50
19287.94
19291.02
19291.99
19295.63
19299.52
19300.33
19302.90
19302.90
19303.61
19305.25
19306.69
19307.10
19308.23
19309.65
19310.15
19310.25
19310.31
19312.32
19315.90
19317.56
19318.25
19318.26
19322.42
19325.49
19325.79
19325.83
19325.94
19327.21
19331.63
19337.77
19338.95
19341.77
19343.82
19345.35
19347.30
19356.10
19362.56
19362.67
19363.48
19367.82
19368.70
19370.85
19370.85
19371.67
19374.23
19374.30
19375.26
19375.26
19375.44
19376.17
19376.89
19379.35
19383.65
19385.99
19389.90
19392.57
19393.59
19393.67
19394.61
19395.33
19396.04
19399.35
19399.65
19400.34
19400.65
19406.28
19407.10
19407.18
19412.23
19413.04
19414.28
19417.34
19425.02
19429.93
19433.28
19438.60
19443.76
19443.84
19448.41
19451.54
19453.95
19466.29
19467.51
19468.24
19468.86
19469.09
19470.70
19472.47
19472.60
19473.87
19474.35
19474.46
19474.46
19476.33
19479.71
19480.63
19480.93
19483.14
19493.94
19501.56
19504.59
19504.61
19504.74
19504.76
19504.80
19508.07
19508.17
19508.27
19508.68
19511.35
19511.57
19517.90
19518.92
19522.67
19524.00
19525.89
19527.42
19527.47
19528.65
19531.31
19532.85
19534.19
19548.01
19550.57
19551.08
19551.51
19556.57
19557.32
19557.84
19559.58
19559.76
19568.28
19569.20
19571.66
19572.07
19575.41
19576.40
19576.48
19577.20
19577.60
19579.44
19580.98
19581.61
19584.66
19593.57
19594.39
19596.54
19597.45
19598.90
19599.10
19599.59
19600.23
19600.64
19600.64
19601.36
19605.35
19605.50
19606.78
19607.58
19608.01
19608.73
19609.04
19609.06
19609.59
19611.08
19612.21
19614.59
19614.77
19615.08
19615.49
19615.49
19616.20
19616.71
19616.71
19617.77
19617.82
19619.53
19619.85
19620.20
19620.61
19621.53
19622.76
19623.27
19624.40
19624.53
19624.84
19626.65
19627.06
19627.06
19627.96
19628.59
19631.66
19631.67
19635.25
19635.25
19637.30
19638.63
19640.19
19644.77
19644.77
19644.77
19645.90
19645.90
19648.86
19649.58
19651.94
19652.86
19657.77
19658.78
19659.62
19660.54
19660.95
19661.77
19663.92
19668.01
19668.01
19668.10
19668.22
19668.73
19669.14
19673.89
19674.94
19676.61
19677.33
19677.95
19678.34
19679.79
19681.63
19681.68
19683.89
19689.72
19692.38
19692.55
19697.09
19697.27
19702.42
19702.73
19705.90
19708.97
19711.94
19713.89
19714.30
19716.24
19716.86
19721.83
19722.69
19723.00
19728.94
19729.66
19731.30
19733.14
19733.45
19733.57
19734.06
19735.10
19736.01
19740.10
19740.41
19740.41
19743.07
19743.38
19744.10
19744.25
19745.32
19745.84
19746.14
19748.81
19749.60
19751.78
19753.00
19753.18
19754.13
19754.95
19756.16
19756.44
19757.72
19759.66
19759.72
19759.80
19760.46
19761.20
19761.50
19762.71
19765.69
19765.84
19766.93
19767.96
19768.47
19769.49
19769.75
19773.38
19777.68
19777.99
19778.40
19781.02
19781.37
19784.98
19785.88
19787.63
19788.33
19789.59
19793.96
19794.78
19795.28
19796.29
19796.93
19798.06
19799.29
19799.29
19800.83
19801.23
19801.64
19802.57
19805.33
19805.74
19808.30
19811.17
19811.99
19813.30
19813.47
19817.11
19817.31
19819.05
19821.92
19822.94
19822.98
19823.46
19823.52
19823.83
19824.02
19824.55
19826.12
19826.72
19826.90
19827.45
19830.32
19831.73
19833.18
19833.31
19833.41
19834.74
19834.85
19835.44
19835.44
19835.61
19836.67
19841.48
19843.83
19846.09
19846.18
19846.70
19851.10
19853.05
19854.99
19859.30
19859.47
19863.90
19864.52
19865.54
19867.28
19868.31
19868.37
19868.47
19871.69
19872.84
19874.77
19875.27
19876.50
19876.81
19876.86
19877.89
19878.83
19881.82
19882.34
19885.60
19885.62
19886.43
19889.91
19890.94
19891.24
19891.64
19892.58
19892.98
19893.29
19894.32
19895.21
19896.77
19897.90
19898.92
19901.69
19906.91
19907.50
19909.60
19911.42
19912.44
19916.74
19920.02
19921.25
19921.37
19921.96
19927.39
19943.98
19944.13
19944.49
19946.15
19947.97
19951.66
19952.48
19956.34
19956.88
19957.91
19958.83
19960.36
19964.05
19965.69
19967.53
19969.64
19969.99
19970.12
19972.34
19972.72
19980.54
19987.05
19989.96
19989.96
19993.13
19993.44
19999.69
20000.23
20002.25
20003.45
20008.18
20014.23
20016.27
20020.39
20022.09
20026.00
20027.54
20028.46
20029.38
20046.79
20048.13
20049.35
20049.66
20054.67
20059.59
20063.17
20070.14
20070.23
20070.57
20071.88
20074.64
20075.46
20078.33
20080.99
20082.12
20082.31
20083.55
20084.16
20084.26
20085.01
20086.42
20086.53
20087.44
20088.13
20089.59
20089.59
20090.31
20091.32
20092.36
20093.07
20096.54
20098.19
20099.01
20099.32
20099.83
20099.96
20102.16
20102.36
20103.01
20103.62
20103.76
20105.23
20105.78
20107.18
20108.84
20109.15
20109.87
20113.96
20119.08
20121.55
20122.06
20125.23
20128.50
20129.02
20129.94
20131.20
20137.11
20140.34
20140.89
20140.95
20141.13
20141.48
20145.50
20148.24
20148.68
20152.57
20153.27
20153.36
20154.00
20157.28
20162.34
20163.93
20164.03
20166.80
20167.11
20167.62
20169.05
20169.77
20169.89
20170.33
20173.60
20178.83
20181.75
20181.87
20183.19
20183.28
20183.98
20184.62
20184.83
20188.82
20190.15
20190.97
20191.47
20191.76
20192.91
20193.63
20194.86
20194.88
20195.37
20201.03
20203.39
20204.79
20205.92
20207.35
20211.14
20212.98
20213.50
20214.11
20217.55
20225.48
20231.89
20232.64
20234.08
20234.85
20235.10
20235.51
20241.04
20246.52
20247.90
20251.58
20253.06
20259.17
20262.31
20263.98
20265.55
20268.55
20269.20
20271.45
20271.86
20272.69
20273.91
20274.55
20275.99
20277.39
20277.62
20285.65
20288.26
20292.96
20304.12
20306.32
20306.99
20307.37
20307.84
20310.70
20312.42
20313.37
20316.31
20316.75
20319.69
20320.71
20321.02
20323.17
20323.99
20325.63
20327.57
20328.41
20328.76
20333.00
20333.41
20333.79
20335.85
20336.99
20338.32
20339.76
20343.44
20348.56
20349.36
20349.89
20353.07
20354.92
20359.41
20360.90
20361.67
20361.74
20362.28
20362.80
20363.82
20364.23
20364.34
20366.38
20367.20
20369.58
20370.79
20373.14
20374.26
20378.00
20378.46
20379.18
20384.30
20384.45
20386.65
20388.97
20389.27
20393.92
20394.54
20396.59
20397.05
20404.37
20405.90
20407.97
20408.67
20409.31
