23883.35
23886.87
23889.33
23889.64
23891.17
23891.67
23892.51
23892.51
23892.81
23892.81
23894.14
23894.55
23895.68
23895.77
23896.19
23897.42
23897.73
23897.76
23898.14
23898.14
23898.96
23899.09
23899.24
23899.47
23899.56
23900.59
23901.00
23901.41
23901.42
23901.93
23902.23
23903.05
23903.46
23903.49
23906.71
23907.15
23907.76
23908.48
23908.63
23908.81
23908.96
23911.89
23911.91
23912.37
23912.78
23912.78
23913.06
23913.18
23913.60
23913.60
23914.11
23914.23
23914.52
23914.57
23914.70
23915.14
23916.05
23916.44
23916.47
23919.23
23919.40
23920.07
23920.56
23920.56
23920.97
23922.00
23922.41
23922.45
23922.65
23922.81
23922.91
23922.92
23923.23
23923.38
23923.39
23923.39
23923.64
23923.71
23923.77
23924.15
23924.15
23924.56
23925.38
23925.89
23925.89
23926.14
23926.61
23927.16
23927.53
23928.04
23928.04
23928.14
23928.96
23928.96
23929.37
23929.37
23929.46
23929.54
23930.56
23930.76
23930.79
23931.21
23931.41
23931.72
23932.13
23932.13
23932.17
23932.75
23934.28
23934.28
23934.69
23934.72
23934.90
23935.09
23935.51
23935.67
23935.78
23936.05
23936.27
23937.36
23937.36
23937.66
23937.87
23937.93
23937.94
23938.01
23938.11
23938.39
23938.57
23938.68
23938.79
23939.10
23939.19
23939.81
23940.84
23941.14
23941.45
23941.53
23941.63
23942.68
23942.99
23943.15
23943.91
23943.91
23944.32
23944.32
23944.32
23945.14
23945.47
23945.96
23946.88
23947.02
23947.39
23947.90
23948.39
23948.93
23949.29
23949.64
23950.16
23950.31
23950.42
23950.64
23950.64
23951.18
23952.81
23953.64
23953.94
23953.94
23954.09
23954.46
23954.97
23955.89
23956.50
23956.53
23956.70
23957.02
23957.05
23957.43
23957.76
23957.96
23958.11
23958.50
23958.96
23958.96
23959.37
23959.37
23959.40
23959.51
23959.88
23960.29
23960.81
23960.82
23961.11
23961.27
23961.62
23961.66
23961.70
23961.85
23962.00
23962.24
23962.65
23962.65
23963.37
23963.47
23964.18
23964.35
23964.46
23964.90
23965.12
23965.62
23966.44
23966.44
23966.47
23966.59
23966.76
23967.98
23968.28
23968.28
23968.46
23969.30
23969.71
23970.12
23970.73
23970.88
23970.88
23972.17
23972.17
23972.31
23972.41
23973.02
23973.30
23973.41
23974.12
23974.12
23974.94
23975.02
23975.96
23976.78
23976.83
23978.21
23978.28
23979.14
23979.33
23979.41
23979.75
23980.47
23980.49
23980.88
23981.60
23982.82
23983.24
23984.05
23984.05
23987.94
23988.13
23988.87
23988.91
23989.07
23989.89
23989.89
23989.90
23990.20
23990.61
23991.02
23991.02
23991.32
23992.04
23992.06
23996.14
23996.25
23996.85
23998.08
23998.20
23998.49
23998.90
23998.92
23999.68
23999.82
24000.05
24000.44
24000.85
24000.95
24001.46
24002.59
24005.15
24006.58
24008.42
24009.15
24009.15
24009.15
24009.35
24009.97
24010.04
24011.29
24011.82
24013.76
24013.91
24014.17
24014.60
24015.01
24015.20
24015.32
24019.30
24021.17
24022.15
24022.15
24025.06
24025.06
24025.06
24025.06
24025.24
24026.44
24026.63
24027.28
24027.49
24031.07
24031.07
24034.07
24034.07
24034.07
24034.16
24034.16
24034.33
24034.52
24037.16
24038.63
24041.40
24041.40
24041.40
24041.44
24041.44
24044.08
24044.08
24044.08
24044.17
24047.95
24047.95
24047.95
24047.95
24048.00
24050.00
24053.09
24056.09
24056.09
24059.09
24059.19
24061.37
24061.37
24061.37
24061.37
24061.37
24061.46
24061.60
24061.67
24061.85
24064.50
24068.14
24068.14
24068.14
24068.14
24069.36
24069.36
24069.51
24070.25
24070.78
24071.50
24071.59
24071.91
24073.75
24073.77
24074.88
24074.95
24075.70
24076.11
24076.72
24077.03
24077.75
24078.67
24078.67
24080.92
24082.97
24084.40
24084.61
24084.79
24085.73
24086.35
24087.06
24087.12
24087.78
24088.44
24089.32
24089.44
24090.37
24090.49
24090.75
24092.58
24094.23
24096.28
24096.59
24097.30
24097.33
24098.84
24098.90
24100.38
24100.44
24100.79
24101.40
24101.71
24101.71
24102.53
24104.37
24104.78
24104.87
24104.96
24105.01
24105.08
24107.03
24107.21
24108.36
24108.40
24108.43
24108.50
24109.32
24109.69
24110.51
24110.92
24111.95
24112.57
24112.87
24113.38
24113.46
24113.87
24115.43
24115.74
24116.56
24116.86
24118.19
24118.71
24121.78
24122.90
24125.46
24126.69
24127.82
24128.33
24129.66
24129.75
24129.79
24131.51
24133.48
24134.55
24134.79
24135.37
24135.95
24136.25
24137.55
24138.16
24138.67
24138.98
24141.75
24144.61
24144.75
24144.92
24145.23
24145.23
24145.33
24145.67
24145.68
24145.94
24146.66
24146.68
24147.17
24147.68
24147.82
24147.96
24148.09
24148.09
24148.11
24148.50
24148.50
24148.58
24148.73
24148.83
24148.84
24148.88
24148.96
24149.05
24149.21
24149.83
24150.14
24150.24
24150.29
24150.37
24150.37
24151.47
24151.47
24151.47
24151.61
24151.74
24151.89
24152.05
24152.13
24152.29
24152.32
24152.43
24152.59
24152.68
24152.70
24152.72
24152.92
24153.32
24153.62
24153.71
24153.82
24153.88
24153.93
24154.34
24154.34
24154.69
24154.74
24155.03
24155.36
24155.49
24155.68
24156.18
24156.60
24156.90
24156.97
24157.31
24157.92
24157.96
24158.33
24158.66
24159.05
24159.56
24159.67
24159.78
24159.86
24159.91
24160.63
24160.71
24161.33
24161.56
24161.82
24161.98
24162.14
24162.43
24162.58
24162.82
24162.83
24162.86
24163.86
24164.27
24164.27
24164.33
24164.79
24164.96
24165.81
24166.12
24166.12
24166.73
24166.77
24167.35
24167.44
24168.78
24168.78
24168.78
24171.89
24171.92
24172.77
24173.18
24174.10
24174.92
24174.92
24175.33
24176.25
24176.26
24177.59
24178.30
24178.91
24179.94
24180.86
24181.99
24182.71
24183.01
24183.63
24183.77
24183.93
24184.96
24185.04
24185.22
24185.57
24185.61
24186.19
24187.01
24187.42
24187.84
24188.23
24189.26
24192.32
24193.87
24194.79
24195.33
24197.36
24197.86
24198.27
24198.68
24198.68
24201.34
24202.26
24202.88
24204.21
24204.74
24205.03
24205.10
24205.44
24205.60
24208.10
24209.02
24209.94
24210.25
24210.38
24210.66
24210.97
24210.97
24210.99
24211.70
24211.99
24212.18
24212.91
24212.91
24214.53
24214.96
24215.37
24215.48
24215.49
24216.19
24216.50
24217.01
24217.52
24217.65
24217.84
24218.34
24218.34
24218.65
24218.78
24219.16
24219.25
24219.80
24220.19
24220.31
24220.80
24221.11
24222.02
24222.15
24222.29
24222.85
24224.06
24224.65
24225.30
24226.33
24227.15
24227.76
24228.38
24230.02
24230.32
24231.55
24233.12
24233.26
24233.53
24233.91
24234.21
24234.62
24234.72
24235.24
24235.30
24235.38
24236.47
24237.69
24238.00
24238.21
24238.31
24238.72
24239.13
24239.27
24239.47
24239.71
24241.38
24242.37
24245.07
24245.08
24245.78
24246.19
24246.19
24246.19
24247.01
24247.73
24248.86
24249.34
24249.67
24249.67
24250.39
24251.62
24251.70
24252.15
24253.77
24253.86
24255.31
24256.23
24256.23
24256.82
24256.97
24257.76
24257.92
24258.01
24259.30
24260.43
24260.62
24260.73
24260.89
24261.45
24262.27
24262.27
24262.41
24263.29
24263.29
24263.37
24263.67
24263.77
24263.88
24264.22
24264.36
24264.39
24264.93
24264.98
24265.06
24265.21
24265.22
24265.34
24265.47
24265.75
24265.83
24265.94
24266.20
24266.21
24266.21
24266.47
24266.98
24267.11
24267.13
24267.14
24267.19
24267.49
24267.49
24267.56
24268.00
24268.00
24268.08
24268.10
24268.27
24268.46
24268.51
24269.13
24269.13
24269.37
24269.40
24269.47
24269.54
24269.66
24269.73
24270.07
24270.10
24270.17
24270.46
24270.55
24271.28
24271.28
24271.38
24271.45
24271.69
24271.72
24272.31
24272.51
24272.63
24273.00
24273.09
24273.11
24273.13
24273.31
24273.31
24273.53
24274.15
24274.46
24274.95
24274.98
24275.58
24275.89
24276.30
24276.39
24276.71
24276.71
24276.76
24276.97
24276.98
24277.32
24278.04
24278.24
24278.37
24278.76
24278.76
24278.81
24278.95
24279.27
24279.27
24279.27
24279.27
24279.58
24279.58
24279.98
24280.11
24280.14
24280.70
24282.03
24282.07
24282.44
24282.44
24282.52
24282.95
24283.12
24283.15
24283.20
24283.23
24284.59
24284.90
24285.09
24285.41
24285.92
24286.44
24286.85
24286.85
24286.85
24287.77
24288.28
24288.79
24289.16
24290.64
24290.73
24291.36
24292.28
24292.34
24294.18
24294.30
24296.99
24297.29
24298.32
24298.51
24300.06
24300.77
24302.21
24304.36
24304.47
24304.53
24304.63
24305.64
24305.75
24308.04
24309.89
24310.06
24312.13
24312.13
24314.24
24314.50
24315.08
24315.62
24316.13
24316.75
24317.26
24319.72
24319.73
24321.66
24321.73
24323.81
24325.14
24326.58
24330.88
24330.91
24333.33
24333.37
24336.51
24336.63
24336.80
24336.83
24337.03
24338.35
24338.53
24343.27
24343.98
24347.36
24347.98
24351.25
24351.87
24352.38
24352.57
24352.57
24353.71
24353.90
24354.33
24355.66
24361.29
24362.01
24362.67
24362.80
24362.88
24363.65
24364.56
24364.59
24365.39
24365.84
24367.74
24368.15
24368.46
24369.69
24370.20
24371.02
24371.73
24380.23
24382.49
24382.49
24386.89
24387.19
24387.71
24390.88
24394.88
24395.27
24395.80
24400.30
24402.66
24402.97
24403.79
24404.09
24404.15
24405.42
24406.60
24407.98
24408.50
24410.57
24411.26
24413.51
24413.67
24413.83
24414.44
24415.87
24416.28
24417.83
24420.99
24423.35
24424.27
24425.39
24426.62
24427.44
24427.56
24428.16
24429.18
24430.02
24430.03
24432.76
24435.53
24438.09
24446.31
24449.97
24452.63
24454.57
24455.91
24456.21
24456.35
24457.75
24458.16
24458.31
24460.65
24462.05
24462.26
24463.69
24463.69
24465.12
24465.53
24466.36
24467.99
24472.09
24472.39
24472.74
24474.44
24474.99
24476.39
24477.51
24477.69
24477.84
24483.66
24485.60
24485.60
24486.63
24486.63
