23270.42
23271.86
23272.37
23272.42
23272.56
23272.99
23272.99
23274.22
23274.33
23275.20
23276.58
23278.01
23279.75
23279.79
23280.00
23281.58
23281.65
23283.24
23283.26
23283.27
23283.95
23283.99
23284.03
23284.08
23285.76
23285.76
23287.02
23291.32
23291.62
23293.97
23294.89
23295.20
23295.82
23295.96
23296.54
23297.05
23299.10
23299.41
23300.45
23300.52
23300.65
23301.18
23303.30
23308.32
23309.75
23314.15
23314.46
23314.56
23314.65
23316.30
23317.63
23318.66
23319.27
23322.24
23322.55
23323.88
23325.93
23327.46
23328.63
23330.02
23331.97
23332.60
23332.97
23334.22
23335.04
23336.17
23336.24
23336.69
23337.38
23338.22
23338.69
23339.75
23340.57
23340.61
23341.19
23341.19
23342.01
23342.41
23345.49
23345.55
23345.78
23346.31
23348.46
23350.30
23351.01
23351.53
23351.94
23354.40
23354.81
23355.07
23355.22
23355.83
23357.37
23358.87
23360.33
23362.18
23363.61
23365.66
23368.12
23368.71
23370.77
23376.50
23377.44
23379.38
23384.71
23384.71
23386.45
23386.96
23387.98
23388.39
23389.11
23389.77
23391.26
23391.26
23393.72
23394.23
23394.54
23395.77
23395.88
23396.04
23396.59
23396.62
23397.23
23398.53
23398.63
23398.64
23398.94
23398.94
23399.13
23399.22
23399.26
23399.76
23399.95
23399.96
23400.27
23401.19
23401.71
23401.95
23402.32
23402.73
23402.88
23403.34
23403.94
23404.40
23405.90
23406.62
23408.09
23408.23
23408.25
23408.50
23409.05
23410.41
23411.13
23411.74
23411.74
23411.95
23412.02
23413.07
23413.53
23413.75
23416.24
23417.47
23418.80
23419.55
23420.34
23422.18
23422.49
23423.52
23424.85
23424.98
23425.18
23426.08
23426.08
23426.96
23427.10
23427.14
23428.02
23428.43
23429.35
23429.76
23431.09
23431.09
23431.40
23431.50
23431.64
23431.65
23432.22
23432.35
23432.40
23432.94
23433.65
23434.06
23434.21
23434.56
23434.74
23434.97
23435.16
23435.23
23435.44
23436.01
23436.08
23437.34
23437.46
23437.85
23438.26
23438.68
23439.29
23439.32
23439.43
23440.51
23440.68
23441.33
23441.74
23442.56
23442.56
23446.35
23447.58
23447.78
23447.98
23449.12
23449.73
23449.77
23450.45
23451.68
23451.78
23452.60
23453.42
23454.14
23454.22
23454.85
23454.88
23455.16
23455.35
23457.31
23458.85
23458.99
23459.97
23460.38
23462.12
23462.25
23462.63
23463.02
23463.08
23463.86
23463.94
23464.01
23465.10
23465.40
23465.40
23465.54
23465.91
23465.91
23465.91
23466.73
23467.04
23467.96
23468.28
23468.57
23468.66
23469.56
23469.66
23469.87
23469.93
23469.98
23470.01
23470.52
23470.67
23471.03
23471.03
23471.85
23472.26
23472.44
23472.77
23473.49
23473.90
23474.31
23474.44
23475.94
23476.00
23476.05
23476.09
23476.87
23477.05
23477.39
23478.10
23478.17
23478.39
23478.56
23479.94
23480.09
23480.11
23480.24
23480.76
23481.06
23481.22
23481.45
23482.39
23483.32
23483.50
23483.56
23484.03
23484.07
23484.44
23486.08
23486.39
23486.40
23487.11
23487.41
23487.43
23487.82
23488.23
23488.64
23488.80
23489.36
23489.97
23490.13
23490.14
23490.28
23490.47
23491.10
23491.10
23491.15
23492.32
23492.46
23493.15
23493.18
23493.56
23497.04
23497.12
23497.45
23497.79
23498.16
23499.29
23499.29
23499.42
23499.70
23500.42
23501.13
23501.44
23501.55
23501.72
23501.86
23502.04
23502.47
23502.87
23502.95
23504.92
23506.25
23506.56
23507.28
23507.59
23508.09
23508.15
23508.61
23509.22
23509.74
23509.87
23511.41
23511.99
23514.21
23515.57
23515.57
23515.73
23517.72
23521.72
23522.95
23523.25
23523.87
23526.02
23526.15
23528.07
23528.88
23529.02
23529.70
23529.70
23529.75
23529.81
23531.73
23532.48
23533.41
23533.90
23535.42
23535.46
23535.60
23535.77
23536.15
23536.37
23536.77
23536.83
23537.18
23538.41
23538.44
23538.82
23539.47
23539.94
23540.35
23540.97
23541.05
23541.58
23541.70
23542.09
23542.16
23542.78
23544.26
23544.27
23545.47
23545.78
23547.00
23548.14
23548.75
23549.87
23549.90
23551.31
23551.62
23553.30
23556.63
23557.46
23557.97
23558.38
23558.38
23558.43
23559.91
23559.95
23562.16
23562.23
23562.26
23562.98
23563.60
23563.64
23564.72
23564.72
23565.24
23565.85
23567.69
23568.10
23570.05
23570.67
23571.21
23573.84
23574.56
23575.07
23575.79
23576.09
23577.02
23577.16
23577.73
23578.86
23579.31
23580.60
23581.49
23581.83
23582.55
23582.55
23582.72
23583.57
23584.08
23584.70
23585.34
23586.95
23587.77
23587.80
23588.28
23590.43
23591.86
23592.38
23594.53
23594.66
23595.55
23596.57
23597.70
23597.79
23598.41
23598.44
23598.49
23599.64
23600.79
23600.92
23602.10
23602.10
23602.22
23602.36
23603.29
23603.64
23603.86
23604.25
23604.25
23605.48
23607.12
23607.63
23607.77
23608.14
23608.28
23608.55
23608.86
23609.92
23611.03
23611.88
23612.02
23612.18
23613.09
23613.27
23613.62
23613.78
23614.03
23614.39
23614.86
23615.31
23615.83
23616.08
23617.16
23617.57
23618.15
23620.16
23620.36
23621.97
23622.48
23622.99
23623.04
23624.12
23624.17
23624.28
23624.84
23624.96
23625.45
23626.17
23627.60
23627.67
23627.83
23627.87
23627.95
23628.93
23628.93
23629.01
23631.80
23632.43
23632.60
23633.13
23633.43
23633.74
23635.07
23635.38
23637.53
23637.53
23637.84
23638.45
23638.86
23638.86
23639.48
23639.78
23640.09
23640.09
23640.55
23641.73
23642.04
23642.34
23642.48
23642.82
23642.86
23645.01
23645.21
23645.39
23645.93
23646.54
23646.63
23647.76
23647.76
23648.26
23648.34
23649.41
23649.42
23649.72
23649.76
23649.92
23650.88
23651.35
23651.35
23651.61
23651.83
23651.94
23652.77
23653.09
23653.14
23653.39
23655.43
23656.06
23656.23
23656.48
23657.81
23657.85
23658.97
23659.03
23659.44
23659.75
23660.88
23663.68
23664.67
23665.05
23665.50
23667.43
23667.46
23668.56
23669.07
23674.09
23674.19
23674.22
23674.24
23674.37
23674.41
23676.24
23676.54
23677.16
23677.67
23680.03
23680.05
23681.66
23681.70
23681.97
23682.69
23682.76
23683.20
23683.92
23685.04
23685.13
23685.18
23685.43
23685.46
23685.49
23686.07
23686.12
23686.16
23686.19
23686.58
23686.68
23686.71
23686.72
23686.91
23687.40
23688.56
23689.75
23689.75
23690.47
23690.98
23692.31
23692.31
23692.74
23693.16
23693.27
23693.49
23693.50
23694.87
23694.97
23695.17
23695.66
23696.10
23696.10
23696.51
23696.92
23697.43
23697.84
23698.97
23699.58
23700.30
23700.92
23701.43
23702.29
23702.96
23703.30
23703.68
23703.99
23704.01
23704.41
23704.91
23704.99
23705.22
23705.93
23706.22
23706.36
23706.36
23706.38
23706.41
23706.56
23706.71
23707.16
23707.97
23708.70
23709.01
23709.01
23709.31
23709.39
23709.57
23709.88
23711.26
23711.87
23712.01
23712.12
23712.79
23713.95
23714.03
23714.37
23715.96
23716.38
23716.47
23716.64
23717.22
23717.61
23717.61
23717.64
23718.14
23718.43
23718.61
23719.47
23720.17
23721.59
23722.73
23725.80
23726.62
23727.23
23727.95
23728.08
23728.77
23728.94
23729.59
23729.66
23730.00
23730.00
23730.02
23730.14
23730.92
23732.54
23734.37
23734.60
23735.73
23736.59
23737.68
23737.68
23737.75
23737.82
23738.09
23738.09
23739.52
23739.54
23740.06
23740.14
23740.75
23741.98
23742.15
23742.17
23742.26
23742.58
23742.59
23743.31
23743.72
23745.46
23745.87
23745.99
23746.04
23746.13
23746.24
23746.42
23748.02
23748.43
23749.15
23749.35
23749.40
23749.86
23751.50
23751.60
23751.72
23752.42
23752.42
23753.00
23753.65
23753.65
23754.06
23754.24
23754.89
23754.91
23755.39
23755.70
23755.78
23756.19
23756.62
23756.75
23756.78
23757.03
23757.64
23757.86
23757.87
23758.85
23759.28
23760.72
23760.98
23761.84
23762.76
23763.00
23763.12
23764.06
23764.81
23764.87
23766.35
23767.14
23767.36
23769.14
23769.39
23769.83
23769.83
23770.24
23770.38
23770.67
23771.68
23773.14
23773.52
23774.67
23775.98
23776.17
23776.59
23776.59
23776.82
23777.32
23777.32
23778.20
23778.64
23781.30
23783.21
23784.28
23784.78
23787.75
23787.75
23787.77
23787.88
23789.08
23790.41
23791.85
23792.16
23792.56
23792.64
23793.77
23794.27
23794.51
23796.05
23796.66
23797.07
23797.22
23797.24
23797.76
23798.61
23799.21
23799.78
23802.70
23802.70
23802.74
23803.21
23804.13
23805.06
23805.06
23806.59
23806.59
23807.38
23808.64
23808.64
23808.65
23808.95
23809.66
23809.87
23809.89
23810.05
23810.16
23810.48
23810.59
23810.78
23811.51
23811.54
23811.62
23811.85
23812.27
23812.74
23813.38
23813.66
23813.85
23814.57
23815.25
23815.31
23815.91
23815.94
23816.29
23816.63
23816.93
23816.93
23816.99
23817.39
23817.40
23817.86
23817.86
23818.01
23818.03
23818.39
23818.44
23818.62
23818.66
23819.19
23819.60
23819.60
23819.61
23819.67
23819.81
23820.31
23820.39
23820.41
23820.47
23820.93
23821.24
23821.44
23821.85
23822.17
23822.19
23822.23
23822.28
23822.48
23823.08
23823.13
23823.35
23823.69
23823.77
23823.77
23823.94
23824.51
23824.51
23825.02
23825.66
23825.83
23826.56
23826.87
23827.24
23828.61
23828.67
23830.01
23830.14
23830.31
23830.31
23830.43
23831.17
23831.88
23832.19
23832.26
23832.91
23833.93
23833.97
23834.02
23834.96
23835.70
23835.78
23836.70
23836.71
23838.75
23839.43
23841.20
23842.64
23843.25
23846.15
23846.31
23846.62
23847.04
23847.13
23847.45
23847.62
23848.47
23849.39
23852.47
23853.70
23853.73
23854.72
23854.75
23855.15
23856.84
23857.48
23857.58
23858.41
23860.97
23863.32
23864.45
23864.86
23864.93
23865.37
23866.60
23866.91
23867.03
23869.04
23871.72
23872.80
23874.69
23874.99
23876.84
23877.27
23879.19
23879.31
23879.44
23880.01
23880.32
23882.78
23883.08
