25834.70
25835.02
25835.82
25835.82
25835.91
25836.97
25837.14
25837.48
25837.56
25839.62
25839.64
25839.67
25840.25
25840.25
25840.25
25840.76
25841.17
25841.48
25841.48
25842.40
25842.51
25843.52
25844.96
25845.39
25846.60
25846.78
25846.89
25849.87
25849.87
25850.04
25851.10
25851.82
25853.05
25853.87
25853.87
25854.01
25854.99
25854.99
25855.50
25856.50
25857.45
25858.78
25858.78
25858.78
25858.86
25858.86
25858.99
25859.07
25859.26
25859.81
25859.81
25860.14
25861.44
25862.16
25862.88
25865.95
25866.46
25869.23
25870.15
25870.86
25871.79
25873.83
25874.03
25875.88
25876.60
25876.78
25877.21
25877.36
25878.22
25880.18
25880.40
25880.48
25881.31
25881.31
25882.23
25884.35
25884.40
25885.92
25886.19
25887.25
25888.17
25889.30
25889.42
25893.50
25895.54
25897.80
25898.89
25899.84
25901.23
25902.57
25902.59
25902.63
25902.70
25903.12
25903.33
25904.14
25904.14
25904.19
25904.30
25904.36
25904.49
25904.68
25904.72
25905.24
25905.68
25905.68
25905.78
25905.80
25905.95
25906.18
25906.50
25907.32
25907.34
25907.35
25907.40
25907.56
25908.04
25908.04
25908.06
25908.34
25908.45
25908.64
25908.80
25908.90
25909.06
25909.18
25909.47
25909.47
25909.50
25909.54
25910.06
25910.60
25911.31
25912.03
25912.44
25912.52
25913.10
25913.23
25913.35
25913.87
25913.93
25914.10
25914.49
25914.52
25915.51
25915.66
25915.73
25917.05
25919.09
25919.21
25919.81
25919.85
25920.48
25921.14
25921.32
25922.17
25922.78
25922.93
25923.03
25923.07
25923.33
25923.81
25923.94
25924.02
25925.40
25925.96
25926.57
25926.57
25927.05
25927.10
25928.21
25928.82
25929.08
25931.28
25931.74
25934.15
25934.15
25934.46
25934.86
25936.20
25938.48
25939.09
25939.47
25940.29
25941.59
25941.59
25941.77
25942.14
25942.14
25943.04
25943.65
25943.98
25945.67
25947.51
25947.97
25948.48
25949.00
25949.00
25949.11
25951.13
25951.27
25951.35
25952.07
25952.56
25954.53
25955.86
25956.97
25957.03
25957.12
25957.60
25959.54
25959.54
25959.66
25959.77
25960.36
25960.77
25960.77
25960.85
25960.87
25961.28
25961.39
25961.90
25962.00
25962.61
25962.69
25962.83
25963.33
25964.04
25964.43
25964.59
25965.38
25966.51
25967.02
25967.53
25967.56
25968.55
25969.50
25969.88
25969.89
25969.95
25970.01
25970.01
25970.19
25970.28
25970.81
25971.93
25973.16
25973.52
25975.41
25975.60
25975.67
25976.85
25977.87
25979.00
25979.00
25979.72
25979.72
25980.13
25981.76
25982.07
25982.13
25982.99
25983.04
25983.81
25983.91
25985.86
25986.50
25987.64
25989.96
25990.88
25990.88
25992.00
25993.44
25993.58
25993.95
25994.12
25994.56
25995.49
25996.10
25996.10
25996.10
25997.33
25997.64
25997.70
25998.69
25999.68
25999.81
25999.98
26000.30
26001.32
26001.44
26001.52
26001.61
26001.69
26002.50
26003.27
26003.68
26003.75
26004.89
26005.72
26006.03
26007.36
26007.39
26007.39
26008.69
26008.91
26010.85
26010.98
26011.66
26011.97
26012.07
26014.14
26016.37
26016.78
26018.07
26018.52
26019.04
26019.42
26020.57
26020.88
26022.11
26023.44
26023.85
26023.93
26024.67
26024.98
26025.07
26027.95
26028.76
26028.93
26029.35
26029.79
26030.30
26031.39
26033.79
26033.95
26034.14
26035.83
26037.78
26040.85
26040.85
26041.97
26042.07
26043.92
26043.92
26043.94
26045.49
26045.51
26046.58
26048.82
26049.96
26050.27
26051.50
26055.61
26059.25
26060.30
26060.38
26060.52
26060.54
26060.97
26061.84
26062.35
26062.35
26063.17
26064.06
26064.71
26065.32
26067.45
26067.88
26068.50
26068.68
26068.82
26069.32
26069.93
26070.85
26070.97
26071.13
26072.06
26072.80
26072.86
26073.65
26074.03
26074.13
26075.97
26076.18
26076.20
26077.20
26077.71
26077.80
26078.10
26078.43
26078.84
26080.17
26082.24
26082.40
26084.06
26084.15
26084.57
26086.01
26086.72
26088.77
26089.43
26090.82
26090.99
26091.26
26091.64
26092.05
26092.87
26093.79
26094.40
26095.53
26095.84
26095.86
26096.45
26097.58
26097.76
26098.24
26098.91
26098.91
26100.65
26100.96
26101.88
26102.19
26102.49
26103.41
26104.23
26105.39
26106.69
26107.41
26107.57
26108.43
26108.46
26109.56
26109.56
26110.68
26112.32
26112.83
26113.65
26113.96
26114.58
26115.50
26117.08
26117.34
26117.75
26118.88
26120.72
26121.95
26122.67
26122.78
26123.69
26123.74
26124.41
26124.71
26125.12
26127.14
26127.15
26127.22
26127.99
26129.53
26129.56
26132.70
26133.08
26134.65
26134.75
26137.11
26137.45
26138.13
26138.75
26139.26
26140.57
26140.61
26142.22
26142.22
26142.53
26142.84
26143.25
26144.27
26144.99
26145.10
26145.91
26148.06
26148.17
26149.65
26150.31
26152.57
26152.98
26153.38
26154.18
26154.61
26154.72
26155.21
26156.97
26157.28
26158.61
26159.22
26159.73
26160.02
26160.76
26163.19
26163.93
26164.24
26164.55
26165.16
26166.03
26166.70
26166.86
26168.44
26168.44
26168.85
26168.92
26169.36
26169.97
26171.31
26171.34
26172.94
26172.94
26173.14
26173.24
26173.25
26173.87
26174.79
26174.79
26178.34
26178.39
26178.44
26181.03
26181.42
26182.35
26182.88
26185.67
26190.52
26192.30
26194.86
26195.98
26203.15
26203.33
26205.61
26205.62
26205.67
26205.92
26207.55
26209.30
26209.60
26210.32
26212.34
26214.52
26215.64
26216.16
26216.16
26216.57
26217.76
26219.95
26223.53
26224.04
26224.21
26225.27
26226.51
26227.52
26228.85
26231.52
26231.65
26231.84
26231.96
26233.67
26237.46
26238.68
26242.06
26242.66
26244.01
26244.32
26244.33
26244.73
26244.73
26244.93
26245.01
26245.38
26246.57
26247.49
26247.80
26249.59
26250.36
26250.54
26251.07
26252.41
26253.53
26253.53
26253.65
26255.32
26255.99
26256.53
26258.24
26259.37
26259.49
26259.76
26259.92
26260.19
26260.37
26260.80
26260.81
26260.94
26261.21
26261.21
26261.33
26261.49
26261.65
26262.24
26262.30
26262.46
26263.10
26263.20
26263.25
26263.57
26263.98
26264.39
26265.54
26266.43
26266.74
26267.15
26268.46
26268.54
26268.54
26268.89
26269.61
26269.72
26270.22
26270.22
26270.63
26270.64
26270.83
26271.25
26272.27
26273.19
26274.24
26274.40
26274.50
26275.04
26275.96
26276.37
26276.52
26276.60
26277.90
26277.92
26278.42
26278.51
26281.38
26281.90
26282.32
26282.43
26282.54
26283.23
26283.94
26284.27
26284.97
26285.02
26285.22
26286.61
26287.73
26289.37
26289.37
26289.78
26291.32
26291.32
26291.38
26291.40
26291.83
26291.83
26291.95
26292.75
26293.06
26293.23
26295.03
26295.82
26295.90
26296.64
26296.64
26296.67
26297.46
26297.46
26297.97
26298.44
26300.09
26300.94
26301.19
26301.36
26302.17
26303.50
26303.50
26304.63
26305.65
26305.73
26306.17
26308.11
26308.73
26309.34
26309.48
26309.95
26310.47
26310.49
26310.77
26310.97
26312.10
26312.72
26312.72
26312.87
26313.54
26314.15
26314.66
26314.91
26315.10
26315.15
26315.24
26315.30
26316.51
26317.43
26317.43
26317.74
26318.76
26318.98
26319.36
26319.68
26319.68
26320.60
26321.53
26321.53
26321.83
26322.55
26324.09
26324.29
26324.49
26325.31
26325.93
26326.24
26328.08
26328.20
26328.27
26329.10
26329.24
26329.41
26329.72
26330.43
26331.97
26332.16
26332.58
26332.67
26333.20
26333.71
26333.91
26335.41
26336.24
26337.70
26337.70
26337.70
26337.84
26338.53
26338.73
26338.77
26339.38
26340.06
26340.06
26340.78
26341.90
26341.90
26345.04
26345.04
26345.13
26345.56
26345.64
26347.97
26347.97
26347.98
26347.98
26347.98
26348.34
26348.89
26349.23
26349.36
26349.36
26349.69
26349.69
26349.69
26349.73
26350.03
26350.03
26350.23
26350.37
26350.54
26350.87
26351.06
26351.21
26353.96
26355.52
26355.52
26359.98
26361.05
26361.97
26364.97
26364.98
26364.98
26367.99
26367.99
26367.99
26368.60
26369.05
26369.06
26372.50
26376.04
26376.04
26377.54
26379.98
26383.79
26384.74
26388.70
26389.93
26392.08
26394.95
26396.48
26397.11
26398.12
26403.44
26406.21
26409.08
26409.49
26410.73
26410.78
26411.64
26412.25
26412.25
26413.38
26414.92
26414.95
26421.26
26421.57
26422.18
26422.19
26423.21
26423.62
26431.09
26432.22
26434.06
26434.39
26434.50
26435.32
26435.36
26435.55
26443.79
26446.96
26449.52
26454.44
26454.44
26455.68
26458.02
26459.05
26461.10
26463.55
26464.58
26466.83
26469.70
26471.54
26472.26
26476.97
26481.88
26481.97
26483.42
26487.52
26488.23
26490.44
26494.07
26494.48
26494.99
26497.97
26500.52
26501.65
26503.08
26511.68
26515.98
26517.00
26517.20
26518.92
26529.81
26530.93
26531.26
26536.96
26537.13
26539.12
26540.25
26540.66
26541.58
26545.17
26546.40
26549.47
26553.46
26554.08
26555.61
26555.73
26558.03
26559.91
26561.03
26561.35
26566.47
26570.56
26570.58
26572.61
26573.84
26580.49
26585.51
26590.73
26590.80
26592.88
26594.63
26597.90
26598.02
26599.48
26604.25
26610.07
26611.42
26615.63
26616.34
26617.56
26623.50
26628.38
26633.13
26633.43
26649.00
26654.52
26655.54
26656.88
26659.55
26661.39
26673.37
26674.39
26677.16
26678.59
26682.26
26688.77
26692.83
26693.13
26697.84
26708.08
26712.85
26715.35
26718.12
26718.96
26726.52
26731.18
26732.66
26733.48
26733.89
26734.05
26735.20
26735.34
26735.63
26737.35
26737.36
26741.57
26750.23
26751.81
26752.33
26753.97
26756.01
26756.73
26757.76
26774.57
26777.61
26779.15
26779.43
26781.20
26784.89
26785.70
26786.73
26800.35
26802.67
26805.77
26812.24
26814.07
26816.53
26818.27
26819.80
26823.17
26835.06
26837.21
26837.24
26838.44
26840.21
26844.33
26844.73
26850.32
26851.48
26854.93
26856.67
26856.79
26857.49
26858.92
26859.53
26860.66
26864.96
26867.42
26867.45
26869.35
26874.59
26881.76
